0, 0.002134, 0.013788, -0.057331, -0.006082, 0.000000, 1, -0.053719, -0.000304, 0.900000,2, -0.056000, 0.001178, 1.598248,3, -0.057215, 0.001922, 1.855846,4, -0.056486, 0.007533, 2.383966,5, -0.057755, 0.008084, 2.514138,6, -0.058940, 0.008480, 2.639597,
0, -0.011400, -0.013068, -0.014388, 0.013789, 0.000000, 1, -0.026635, -0.002495, 0.900000,2, -0.037219, -0.014113, 1.598248,3, -0.041362, -0.018257, 1.855846,4, -0.045332, -0.021897, 2.383966,5, -0.047587, -0.023978, 2.514138,6, -0.049889, -0.026143, 2.639597,
0, -0.021031, 0.017197, -0.015176, -0.003842, 0.000000, 1, -0.043476, 0.016680, 0.900000,2, -0.064731, 0.032848, 1.598248,3, -0.071015, 0.037410, 1.855846,4, -0.076151, 0.053930, 2.383966,5, -0.077707, 0.057103, 2.514138,6, -0.079034, 0.060562, 2.639597,
0, -0.008963, 0.004361, -0.022098, -0.010807, 0.000000, 1, -0.029694, -0.010794, 0.900000,2, -0.033980, -0.009858, 1.598248,3, -0.035583, -0.009025, 1.855846,4, -0.035389, -0.001452, 2.383966,5, -0.037057, -0.000862, 2.514138,6, -0.038717, 0.000030, 2.639597,
0, -0.003742, -0.001920, -0.024082, 0.001351, 0.000000, 1, -0.026648, -0.005799, 0.900000,2, -0.029753, -0.011252, 1.598248,3, -0.031360, -0.012430, 1.855846,4, -0.029236, -0.010517, 2.383966,5, -0.030056, -0.011337, 2.514138,6, -0.030549, -0.012554, 2.639597,
0, -0.011948, 0.008433, -0.026840, -0.014016, 0.000000, 1, -0.036393, -0.007190, 0.900000,2, -0.038110, -0.003352, 1.598248,3, -0.037501, -0.001126, 1.855846,4, -0.033233, 0.008337, 2.383966,5, -0.034338, 0.010271, 2.514138,6, -0.035044, 0.012641, 2.639597,
0, -0.017139, 0.001722, -0.007374, 0.003210, 0.000000, 1, -0.024763, 0.001371, 0.900000,2, -0.036866, 0.002488, 1.598248,3, -0.041219, 0.004055, 1.855846,4, -0.046068, 0.012783, 2.383966,5, -0.048275, 0.014041, 2.514138,6, -0.050514, 0.015226, 2.639597,
0, 0.007517, 0.003379, -0.024610, 0.002624, 0.000000, 1, -0.012460, 0.001355, 0.900000,2, -0.002453, -0.001746, 1.598248,3, 0.000479, -0.003437, 1.855846,4, 0.011309, -0.002315, 2.383966,5, 0.012754, -0.003301, 2.514138,6, 0.014298, -0.003941, 2.639597,
0, 0.006133, -0.002849, -0.036239, 0.014911, 0.000000, 1, -0.028256, 0.008587, 0.900000,2, -0.015940, -0.006607, 1.598248,3, -0.011479, -0.013491, 1.855846,4, 0.003026, -0.022597, 2.383966,5, 0.005181, -0.026149, 2.514138,6, 0.005571, -0.028294, 2.639597,
0, -0.009910, 0.003038, -0.024260, -0.008222, 0.000000, 1, -0.032538, -0.006945, 0.900000,2, -0.036122, -0.001960, 1.598248,3, -0.038392, -0.000374, 1.855846,4, -0.042399, 0.009651, 2.383966,5, -0.045572, 0.011884, 2.514138,6, -0.050206, 0.014225, 2.639597,
0, -0.019990, -0.008308, -0.001981, 0.012755, 0.000000, 1, -0.024368, 0.000915, 0.900000,2, -0.036655, -0.003661, 1.598248,3, -0.039679, -0.005001, 1.855846,4, -0.041026, -0.003651, 2.383966,5, -0.042599, -0.004880, 2.514138,6, -0.044180, -0.006099, 2.639597,
0, -0.008168, 0.005770, -0.029632, -0.015263, 0.000000, 1, -0.038443, -0.013662, 0.900000,2, -0.043102, -0.010575, 1.598248,3, -0.044811, -0.009868, 1.855846,4, -0.043132, -0.003779, 2.383966,5, -0.043743, -0.003447, 2.514138,6, -0.044312, -0.003141, 2.639597,
0, -0.018013, -0.007717, -0.001510, 0.011636, 0.000000, 1, -0.022749, 0.000122, 0.900000,2, -0.037517, -0.006244, 1.598248,3, -0.042333, -0.008832, 1.855846,4, -0.047218, -0.010119, 2.383966,5, -0.049825, -0.011343, 2.514138,6, -0.052128, -0.012218, 2.639597,
0, -0.003094, 0.003903, -0.026296, -0.014915, 0.000000, 1, -0.027752, -0.014434, 0.900000,2, -0.024789, -0.014933, 1.598248,3, -0.024045, -0.015028, 1.855846,4, -0.018732, -0.011238, 2.383966,5, -0.018918, -0.011603, 2.514138,6, -0.018694, -0.012058, 2.639597,
0, 0.006925, 0.004788, -0.014442, -0.006090, 0.000000, 1, -0.006905, -0.006750, 0.900000,2, 0.000164, -0.004163, 1.598248,3, 0.002287, -0.002871, 1.855846,4, 0.010602, 0.004399, 2.383966,5, 0.011515, 0.005108, 2.514138,6, 0.012157, 0.005916, 2.639597,
0, 0.007258, 0.008639, -0.008798, -0.010821, 0.000000, 1, 0.000401, -0.006999, 0.900000,2, 0.007351, -0.013033, 1.598248,3, 0.009322, -0.015526, 1.855846,4, 0.018158, -0.016323, 2.383966,5, 0.018887, -0.017992, 2.514138,6, 0.019928, -0.019821, 2.639597,
0, -0.015064, -0.012588, -0.005815, 0.012268, 0.000000, 1, -0.014326, -0.005724, 0.900000,2, -0.017564, -0.014391, 1.598248,3, -0.019050, -0.016796, 1.855846,4, -0.019557, -0.015649, 2.383966,5, -0.022145, -0.016423, 2.514138,6, -0.026719, -0.016507, 2.639597,
0, -0.011242, 0.000818, -0.013137, -0.000060, 0.000000, 1, -0.028632, -0.001838, 0.900000,2, -0.043123, -0.003895, 1.598248,3, -0.048001, -0.004662, 1.855846,4, -0.053382, -0.002482, 2.383966,5, -0.055720, -0.003163, 2.514138,6, -0.058020, -0.003932, 2.639597,
0, -0.018362, 0.011187, -0.018611, -0.006213, 0.000000, 1, -0.012825, -0.002206, 0.900000,2, -0.012120, 0.005358, 1.598248,3, -0.012201, 0.008715, 1.855846,4, -0.008307, 0.021456, 2.383966,5, -0.008423, 0.023461, 2.514138,6, -0.008769, 0.025597, 2.639597,
0, -0.009921, 0.004649, -0.023292, -0.011131, 0.000000, 1, -0.032536, -0.009052, 0.900000,2, -0.038120, -0.006927, 1.598248,3, -0.040150, -0.006231, 1.855846,4, -0.039641, -0.000315, 2.383966,5, -0.040795, 0.000054, 2.514138,6, -0.041960, 0.000372, 2.639597,
0, 0.006732, -0.002663, -0.024719, 0.005249, 0.000000, 1, -0.017621, -0.000434, 0.900000,2, -0.013987, -0.003656, 1.598248,3, -0.013484, -0.004654, 1.855846,4, -0.007343, -0.001838, 2.383966,5, -0.007169, -0.002165, 2.514138,6, -0.006864, -0.002560, 2.639597,
0, 0.003530, 0.004823, -0.030255, 0.003487, 0.000000, 1, -0.024600, 0.005570, 0.900000,2, -0.021976, 0.004743, 1.598248,3, -0.021939, 0.003904, 1.855846,4, -0.016206, 0.006912, 2.383966,5, -0.015347, 0.006284, 2.514138,6, -0.014474, 0.005894, 2.639597,
0, -0.009757, 0.001496, -0.030068, -0.003724, 0.000000, 1, -0.040521, -0.008662, 0.900000,2, -0.048811, -0.012312, 1.598248,3, -0.051615, -0.013511, 1.855846,4, -0.051862, -0.012368, 2.383966,5, -0.053067, -0.013811, 2.514138,6, -0.054093, -0.015236, 2.639597,
0, 0.000756, 0.003124, -0.015517, -0.008723, 0.000000, 1, -0.014924, -0.010790, 0.900000,2, -0.013546, -0.013001, 1.598248,3, -0.012870, -0.013359, 1.855846,4, -0.005913, -0.009764, 2.383966,5, -0.005362, -0.010422, 2.514138,6, -0.004807, -0.010775, 2.639597,
0, -0.001909, 0.001778, -0.019769, -0.016174, 0.000000, 1, -0.022625, -0.019130, 0.900000,2, -0.024723, -0.022989, 1.598248,3, -0.025546, -0.024430, 1.855846,4, -0.022181, -0.022807, 2.383966,5, -0.022661, -0.023639, 2.514138,6, -0.022713, -0.024295, 2.639597,
0, -0.013558, 0.003536, -0.021934, -0.004652, 0.000000, 1, -0.035949, -0.006851, 0.900000,2, -0.046276, -0.012388, 1.598248,3, -0.050318, -0.014391, 1.855846,4, -0.053912, -0.013007, 2.383966,5, -0.055992, -0.013638, 2.514138,6, -0.058326, -0.013856, 2.639597,
0, -0.010386, 0.011340, -0.026731, -0.006931, 0.000000, 1, -0.027385, -0.013431, 0.900000,2, -0.031113, -0.012990, 1.598248,3, -0.032513, -0.012647, 1.855846,4, -0.031873, -0.008169, 2.383966,5, -0.033572, -0.007358, 2.514138,6, -0.034918, -0.006633, 2.639597,
0, 0.013813, -0.063314, -0.029163, 0.022113, 0.000000, 1, -0.028804, -0.004367, 0.900000,2, -0.035125, 0.000402, 1.598248,3, -0.037814, 0.001728, 1.855846,4, -0.040762, 0.009101, 2.383966,5, -0.042721, 0.010107, 2.514138,6, -0.044888, 0.011174, 2.639597,
0, -0.002187, 0.000175, -0.021510, -0.006776, 0.000000, 1, -0.023551, -0.009364, 0.900000,2, -0.024976, 0.008460, 1.598248,3, -0.027415, 0.018691, 1.855846,4, -0.030503, 0.038795, 2.383966,5, -0.031671, 0.041923, 2.514138,6, -0.032339, 0.044678, 2.639597,
0, 0.007034, 0.006675, -0.048143, 0.003935, 0.000000, 1, -0.040658, 0.008934, 0.900000,2, -0.023720, 0.025236, 1.598248,3, -0.018831, 0.032579, 1.855846,4, -0.004261, 0.057555, 2.383966,5, -0.002031, 0.061406, 2.514138,6, -0.000087, 0.065001, 2.639597,
0, -0.003466, 0.004395, -0.058699, -0.001441, 0.000000, 1, -0.062741, 0.001683, 0.900000,2, -0.064968, 0.004898, 1.598248,3, -0.065931, 0.005699, 1.855846,4, -0.064180, 0.011527, 2.383966,5, -0.065251, 0.011823, 2.514138,6, -0.066473, 0.012148, 2.639597,
0, -0.013812, 0.001406, -0.008219, 0.001981, 0.000000, 1, -0.022157, -0.000855, 0.900000,2, -0.031658, -0.005101, 1.598248,3, -0.035119, -0.007099, 1.855846,4, -0.036578, -0.004523, 2.383966,5, -0.038487, -0.003916, 2.514138,6, -0.039807, -0.003363, 2.639597,
0, 0.009518, 0.007073, -0.015582, -0.004534, 0.000000, 1, -0.005396, -0.000499, 0.900000,2, 0.001751, 0.000055, 1.598248,3, 0.004105, -0.000044, 1.855846,4, 0.014149, 0.005203, 2.383966,5, 0.015410, 0.005202, 2.514138,6, 0.016956, 0.005240, 2.639597,
0, -0.016227, -0.015371, -0.008789, 0.016132, 0.000000, 1, -0.023394, -0.005639, 0.900000,2, -0.027094, -0.016996, 1.598248,3, -0.027320, -0.020572, 1.855846,4, -0.023591, -0.022236, 2.383966,5, -0.024063, -0.023593, 2.514138,6, -0.024501, -0.024994, 2.639597,
0, -0.021162, 0.015708, -0.024364, -0.004235, 0.000000, 1, -0.048582, 0.006400, 0.900000,2, -0.064163, 0.009737, 1.598248,3, -0.069035, 0.010494, 1.855846,4, -0.073191, 0.016888, 2.383966,5, -0.075356, 0.017492, 2.514138,6, -0.077463, 0.017905, 2.639597,
0, -0.003763, 0.003882, -0.018922, -0.012691, 0.000000, 1, -0.022840, -0.014676, 0.900000,2, -0.025300, -0.016393, 1.598248,3, -0.026631, -0.016640, 1.855846,4, -0.024476, -0.011684, 2.383966,5, -0.024978, -0.011156, 2.514138,6, -0.025409, -0.011000, 2.639597,
0, -0.015608, -0.009261, -0.004549, 0.011651, 0.000000, 1, -0.018913, -0.004201, 0.900000,2, -0.023789, -0.011738, 1.598248,3, -0.025079, -0.013789, 1.855846,4, -0.021962, -0.013286, 2.383966,5, -0.022337, -0.014579, 2.514138,6, -0.022359, -0.016263, 2.639597,
0, -0.021687, 0.004729, -0.029012, 0.002127, 0.000000, 1, -0.052057, 0.003835, 0.900000,2, -0.064333, 0.006219, 1.598248,3, -0.067805, 0.006557, 1.855846,4, -0.072176, 0.013514, 2.383966,5, -0.074882, 0.014492, 2.514138,6, -0.077718, 0.015078, 2.639597,
0, 0.006097, -0.001944, -0.035747, 0.013185, 0.000000, 1, -0.028764, 0.005713, 0.900000,2, -0.020809, -0.001158, 1.598248,3, -0.018271, -0.004390, 1.855846,4, -0.008595, -0.004889, 2.383966,5, -0.007193, -0.006053, 2.514138,6, -0.006107, -0.006855, 2.639597,
0, -0.000711, -0.001958, -0.029478, 0.011174, 0.000000, 1, -0.028991, 0.005660, 0.900000,2, -0.029641, 0.001250, 1.598248,3, -0.031019, -0.000681, 1.855846,4, -0.028984, 0.000977, 2.383966,5, -0.029667, 0.000417, 2.514138,6, -0.030510, -0.000126, 2.639597,
0, -0.003351, 0.000391, -0.019387, -0.003180, 0.000000, 1, -0.025089, -0.008732, 0.900000,2, -0.030381, -0.009135, 1.598248,3, -0.032731, -0.008415, 1.855846,4, -0.032275, -0.001944, 2.383966,5, -0.033572, -0.002316, 2.514138,6, -0.034351, -0.002132, 2.639597,
0, -0.019248, 0.002184, -0.005597, 0.003883, 0.000000, 1, -0.027122, 0.004841, 0.900000,2, -0.038441, 0.009373, 1.598248,3, -0.041647, 0.010839, 1.855846,4, -0.043355, 0.019028, 2.383966,5, -0.044803, 0.019885, 2.514138,6, -0.047270, 0.020459, 2.639597,
0, -0.017913, 0.003866, -0.026727, -0.001053, 0.000000, 1, -0.045395, 0.002602, 0.900000,2, -0.058092, 0.005502, 1.598248,3, -0.062058, 0.006332, 1.855846,4, -0.065406, 0.012225, 2.383966,5, -0.067572, 0.012708, 2.514138,6, -0.069894, 0.013259, 2.639597,
0, -0.009951, 0.003309, -0.018259, -0.005576, 0.000000, 1, -0.026949, -0.005464, 0.900000,2, -0.032197, -0.006603, 1.598248,3, -0.034331, -0.007003, 1.855846,4, -0.033180, -0.003159, 2.383966,5, -0.033697, -0.003009, 2.514138,6, -0.034034, -0.002921, 2.639597,
0, -0.013501, 0.003553, -0.015058, -0.004957, 0.000000, 1, -0.033287, -0.006472, 0.900000,2, -0.043758, -0.008998, 1.598248,3, -0.046367, -0.009849, 1.855846,4, -0.046843, -0.007362, 2.383966,5, -0.048551, -0.008015, 2.514138,6, -0.049834, -0.008667, 2.639597,
0, -0.031501, -0.002169, -0.035831, 0.009366, 0.000000, 1, -0.068077, 0.003791, 0.900000,2, -0.086295, 0.000970, 1.598248,3, -0.091989, -0.000632, 1.855846,4, -0.100187, 0.000485, 2.383966,5, -0.103503, -0.000728, 2.514138,6, -0.106898, -0.001713, 2.639597,
0, -0.014726, 0.007932, -0.043318, -0.012030, 0.000000, 1, -0.058600, -0.008512, 0.900000,2, -0.066658, -0.005742, 1.598248,3, -0.069449, -0.005387, 1.855846,4, -0.069395, 0.000708, 2.383966,5, -0.070611, 0.001077, 2.514138,6, -0.072989, 0.001127, 2.639597,
0, 0.005044, 0.007387, -0.008871, -0.012951, 0.000000, 1, -0.002020, -0.008065, 0.900000,2, 0.004375, -0.001209, 1.598248,3, 0.006551, 0.001540, 1.855846,4, 0.015637, 0.013799, 2.383966,5, 0.016270, 0.015592, 2.514138,6, 0.016912, 0.017523, 2.639597,
0, -0.015292, -0.006877, -0.008604, 0.009740, 0.000000, 1, -0.024296, 0.000869, 0.900000,2, -0.028477, 0.000923, 1.598248,3, -0.028672, 0.000699, 1.855846,4, -0.022847, 0.005662, 2.383966,5, -0.021172, 0.005433, 2.514138,6, -0.018097, 0.005259, 2.639597,
0, -0.008852, 0.005296, -0.025433, -0.013502, 0.000000, 1, -0.033752, -0.011997, 0.900000,2, -0.035213, -0.011275, 1.598248,3, -0.035595, -0.010849, 1.855846,4, -0.032266, -0.004854, 2.383966,5, -0.032442, -0.004475, 2.514138,6, -0.032794, -0.004117, 2.639597,
0, -0.008430, 0.005366, -0.020133, -0.013638, 0.000000, 1, -0.027533, -0.011707, 0.900000,2, -0.032295, -0.007389, 1.598248,3, -0.034096, -0.004968, 1.855846,4, -0.032706, 0.004483, 2.383966,5, -0.033572, 0.005829, 2.514138,6, -0.033890, 0.007234, 2.639597,
0, -0.016448, -0.002194, 0.000495, 0.008318, 0.000000, 1, -0.013624, 0.003101, 0.900000,2, -0.018673, 0.002048, 1.598248,3, -0.020629, 0.002195, 1.855846,4, -0.019918, 0.005951, 2.383966,5, -0.020674, 0.005492, 2.514138,6, -0.021428, 0.004838, 2.639597,
0, -0.001376, 0.002400, -0.018902, -0.003417, 0.000000, 1, -0.019534, -0.005238, 0.900000,2, -0.021351, -0.007513, 1.598248,3, -0.022373, -0.008359, 1.855846,4, -0.019145, -0.005310, 2.383966,5, -0.019448, -0.005612, 2.514138,6, -0.019735, -0.005715, 2.639597,
0, -0.008543, 0.002667, -0.020012, -0.009660, 0.000000, 1, -0.027189, -0.008177, 0.900000,2, -0.032150, -0.007503, 1.598248,3, -0.034301, -0.008371, 1.855846,4, -0.033531, -0.004489, 2.383966,5, -0.034562, -0.004507, 2.514138,6, -0.035074, -0.004334, 2.639597,
0, -0.003792, -0.001957, -0.021834, 0.000220, 0.000000, 1, -0.027014, -0.004332, 0.900000,2, -0.032728, -0.005005, 1.598248,3, -0.035615, -0.005966, 1.855846,4, -0.036352, -0.003333, 2.383966,5, -0.036970, -0.003916, 2.514138,6, -0.037792, -0.004775, 2.639597,
0, 0.007027, 0.006902, -0.009469, -0.009095, 0.000000, 1, -0.002642, -0.002891, 0.900000,2, -0.002711, 0.000263, 1.598248,3, -0.003138, 0.001374, 1.855846,4, -0.000179, 0.008686, 2.383966,5, -0.000927, 0.009198, 2.514138,6, -0.001398, 0.009876, 2.639597,
0, -0.001668, -0.014897, -0.030214, 0.017039, 0.000000, 1, -0.030600, -0.002654, 0.900000,2, -0.029133, -0.012489, 1.598248,3, -0.028834, -0.015240, 1.855846,4, -0.022761, -0.015253, 2.383966,5, -0.022197, -0.016259, 2.514138,6, -0.021494, -0.017541, 2.639597,
0, -0.001228, 0.001528, -0.022402, -0.004227, 0.000000, 1, -0.024092, -0.006233, 0.900000,2, -0.027693, -0.006236, 1.598248,3, -0.029284, -0.006162, 1.855846,4, -0.027515, -0.002315, 2.383966,5, -0.028576, -0.002316, 2.514138,6, -0.029662, -0.002609, 2.639597,
0, -0.003999, 0.000002, -0.022080, 0.000628, 0.000000, 1, -0.026369, -0.003336, 0.900000,2, -0.029112, -0.004701, 1.598248,3, -0.030369, -0.004046, 1.855846,4, -0.028614, 0.003292, 2.383966,5, -0.030071, 0.005521, 2.514138,6, -0.031353, 0.008163, 2.639597,
0, -0.009083, -0.009398, -0.018519, 0.011100, 0.000000, 1, -0.028355, -0.003024, 0.900000,2, -0.044933, -0.011057, 1.598248,3, -0.051731, -0.013243, 1.855846,4, -0.060189, -0.012883, 2.383966,5, -0.063729, -0.013916, 2.514138,6, -0.067289, -0.014523, 2.639597,
0, 0.010187, 0.013499, -0.007260, -0.008531, 0.000000, 1, 0.006880, 0.000200, 0.900000,2, 0.015695, 0.005837, 1.598248,3, 0.017468, 0.008140, 1.855846,4, 0.026862, 0.017606, 2.383966,5, 0.027831, 0.018181, 2.514138,6, 0.028882, 0.019074, 2.639597,
0, 0.005144, 0.004954, -0.010485, -0.007686, 0.000000, 1, -0.007600, -0.004800, 0.900000,2, -0.004588, -0.002813, 1.598248,3, -0.003130, -0.002610, 1.855846,4, 0.004027, 0.004120, 2.383966,5, 0.004379, 0.004654, 2.514138,6, 0.004839, 0.005019, 2.639597,
0, 0.005349, 0.000268, -0.025572, 0.004534, 0.000000, 1, -0.018482, 0.002247, 0.900000,2, -0.011758, -0.002764, 1.598248,3, -0.009772, -0.005424, 1.855846,4, -0.001403, -0.006125, 2.383966,5, -0.000848, -0.007351, 2.514138,6, 0.000365, -0.008986, 2.639597,
0, -0.015289, 0.006930, -0.017393, -0.005356, 0.000000, 1, -0.033384, -0.001160, 0.900000,2, -0.042645, 0.004514, 1.598248,3, -0.046011, 0.006621, 1.855846,4, -0.048971, 0.015422, 2.383966,5, -0.050780, 0.016286, 2.514138,6, -0.053007, 0.017410, 2.639597,
0, -0.001239, 0.003699, -0.015957, -0.016695, 0.000000, 1, -0.017743, -0.018206, 0.900000,2, -0.024402, -0.021259, 1.598248,3, -0.027224, -0.021107, 1.855846,4, -0.031098, -0.012148, 2.383966,5, -0.032770, -0.012484, 2.514138,6, -0.034174, -0.012712, 2.639597,
0, 0.003648, 0.005863, -0.016836, -0.007697, 0.000000, 1, -0.009742, -0.005760, 0.900000,2, -0.008175, -0.004027, 1.598248,3, -0.008577, -0.002581, 1.855846,4, -0.001114, 0.007515, 2.383966,5, -0.001071, 0.010019, 2.514138,6, -0.000288, 0.012314, 2.639597,
0, 0.003910, -0.007587, -0.034755, 0.016157, 0.000000, 1, -0.033916, 0.004354, 0.900000,2, -0.015358, -0.014518, 1.598248,3, -0.006200, -0.022412, 1.855846,4, 0.021099, -0.033241, 2.383966,5, 0.027310, -0.037508, 2.514138,6, 0.033455, -0.041341, 2.639597,
0, -0.006646, 0.004849, -0.025141, -0.016348, 0.000000, 1, -0.033140, -0.016519, 0.900000,2, -0.038070, -0.017458, 1.598248,3, -0.039680, -0.017511, 1.855846,4, -0.039942, -0.013548, 2.383966,5, -0.041335, -0.013605, 2.514138,6, -0.042450, -0.013564, 2.639597,
0, -0.015006, 0.006065, -0.012729, -0.002070, 0.000000, 1, -0.028009, -0.000307, 0.900000,2, -0.037145, -0.000345, 1.598248,3, -0.040006, -0.000738, 1.855846,4, -0.041320, 0.003834, 2.383966,5, -0.043172, 0.003926, 2.514138,6, -0.044474, 0.004279, 2.639597,
0, -0.021477, -0.019038, 0.000768, 0.014411, 0.000000, 1, -0.022272, -0.012631, 0.900000,2, -0.037299, -0.030821, 1.598248,3, -0.042565, -0.035986, 1.855846,4, -0.048316, -0.042543, 2.383966,5, -0.050846, -0.045055, 2.514138,6, -0.053259, -0.047384, 2.639597,
0, -0.003312, 0.004112, -0.014883, -0.016495, 0.000000, 1, -0.019139, -0.016283, 0.900000,2, -0.023124, -0.017522, 1.598248,3, -0.024682, -0.018152, 1.855846,4, -0.023579, -0.014315, 2.383966,5, -0.024370, -0.014374, 2.514138,6, -0.024925, -0.014397, 2.639597,
0, -0.014273, -0.002885, -0.011497, 0.006519, 0.000000, 1, -0.027213, -0.002675, 0.900000,2, -0.041753, -0.006807, 1.598248,3, -0.047310, -0.007626, 1.855846,4, -0.055811, -0.003691, 2.383966,5, -0.059358, -0.003516, 2.514138,6, -0.062830, -0.003706, 2.639597,
0, -0.006485, -0.002094, -0.037045, 0.005020, 0.000000, 1, -0.041540, -0.002154, 0.900000,2, -0.044793, -0.006999, 1.598248,3, -0.046624, -0.008932, 1.855846,4, -0.046162, -0.007707, 2.383966,5, -0.047367, -0.008509, 2.514138,6, -0.048472, -0.009178, 2.639597,
0, -0.001749, 0.003959, -0.017944, -0.011386, 0.000000, 1, -0.019285, -0.011637, 0.900000,2, -0.022988, -0.010927, 1.598248,3, -0.025043, -0.010514, 1.855846,4, -0.023634, -0.003315, 2.383966,5, -0.023996, -0.002716, 2.514138,6, -0.024346, -0.002347, 2.639597,
0, -0.005031, 0.007487, -0.054089, -0.014523, 0.000000, 1, -0.060666, -0.010635, 0.900000,2, -0.064073, -0.007717, 1.598248,3, -0.065188, -0.006552, 1.855846,4, -0.063882, 0.001804, 2.383966,5, -0.065001, 0.002884, 2.514138,6, -0.066058, 0.004096, 2.639597,
0, 0.002908, 0.007468, -0.010475, -0.014910, 0.000000, 1, -0.007098, -0.007622, 0.900000,2, -0.002033, -0.002996, 1.598248,3, -0.000044, -0.002055, 1.855846,4, 0.008424, 0.003315, 2.383966,5, 0.009654, 0.003078, 2.514138,6, 0.010477, 0.002892, 2.639597,
0, -0.000777, -0.013958, -0.017142, -0.000908, 0.000000, 1, -0.030530, -0.002560, 0.900000,2, -0.038707, -0.003156, 1.598248,3, -0.041872, -0.003167, 1.855846,4, -0.044167, 0.000485, 2.383966,5, -0.046509, -0.000716, 2.514138,6, -0.048696, -0.001523, 2.639597,
0, -0.000506, 0.005258, -0.014104, -0.016458, 0.000000, 1, -0.015963, -0.014841, 0.900000,2, -0.018268, -0.010037, 1.598248,3, -0.019091, -0.008033, 1.855846,4, -0.016968, -0.000590, 2.383966,5, -0.017722, 0.000084, 2.514138,6, -0.017987, 0.000534, 2.639597,
0, 0.003265, -0.001841, -0.018854, -0.006660, 0.000000, 1, -0.015022, -0.011721, 0.900000,2, -0.009352, -0.015121, 1.598248,3, -0.007165, -0.017384, 1.855846,4, 0.002744, -0.018313, 2.383966,5, 0.003228, -0.019259, 2.514138,6, 0.003875, -0.020105, 2.639597,
0, -0.006907, 0.001000, -0.020620, -0.004206, 0.000000, 1, -0.028217, -0.004965, 0.900000,2, -0.032360, -0.000962, 1.598248,3, -0.034238, 0.000581, 1.855846,4, -0.033063, 0.009082, 2.383966,5, -0.033726, 0.009974, 2.514138,6, -0.034212, 0.011055, 2.639597,
0, 0.003728, 0.004415, -0.057604, 0.006673, 0.000000, 1, -0.053109, 0.007037, 0.900000,2, -0.051558, 0.007209, 1.598248,3, -0.051752, 0.007042, 1.855846,4, -0.047358, 0.010892, 2.383966,5, -0.047143, 0.010566, 2.514138,6, -0.046866, 0.009917, 2.639597,
0, -0.007615, 0.015038, -0.018786, -0.007925, 0.000000, 1, -0.020722, -0.005406, 0.900000,2, -0.023287, -0.006490, 1.598248,3, -0.025152, -0.006205, 1.855846,4, -0.023243, -0.000875, 2.383966,5, -0.024163, -0.000716, 2.514138,6, -0.024764, -0.000383, 2.639597,
0, 0.002915, 0.002957, -0.018989, -0.003192, 0.000000, 1, -0.013083, -0.002948, 0.900000,2, -0.008046, 0.000559, 1.598248,3, -0.007052, 0.002114, 1.855846,4, -0.000994, 0.009498, 2.383966,5, -0.000608, 0.010084, 2.514138,6, -0.000291, 0.010854, 2.639597,
0, -0.004616, -0.004326, -0.015828, 0.000751, 0.000000, 1, -0.020466, -0.008028, 0.900000,2, -0.023768, -0.017194, 1.598248,3, -0.025185, -0.020450, 1.855846,4, -0.023013, -0.022099, 2.383966,5, -0.023647, -0.023752, 2.514138,6, -0.024617, -0.025379, 2.639597,
0, 0.009882, 0.007422, -0.028141, 0.003516, 0.000000, 1, -0.014777, 0.009326, 0.900000,2, -0.007724, 0.017965, 1.598248,3, -0.006780, 0.020936, 1.855846,4, -0.000237, 0.031616, 2.383966,5, 0.000135, 0.032991, 2.514138,6, 0.000662, 0.034859, 2.639597,
0, -0.008501, -0.012291, -0.022098, 0.012731, 0.000000, 1, -0.028629, -0.004318, 0.900000,2, -0.032993, -0.014545, 1.598248,3, -0.034655, -0.017356, 1.855846,4, -0.034028, -0.019615, 2.383966,5, -0.035251, -0.022508, 2.514138,6, -0.036169, -0.025442, 2.639597,
0, -0.013355, 0.011993, -0.029673, -0.012397, 0.000000, 1, -0.039971, -0.000966, 0.900000,2, -0.041917, 0.006356, 1.598248,3, -0.042792, 0.008512, 1.855846,4, -0.038985, 0.017054, 2.383966,5, -0.039232, 0.017862, 2.514138,6, -0.039302, 0.018287, 2.639597,
0, -0.019148, -0.013138, -0.000473, 0.013640, 0.000000, 1, -0.018603, -0.004683, 0.900000,2, -0.023689, -0.016152, 1.598248,3, -0.024675, -0.019241, 1.855846,4, -0.020863, -0.019806, 2.383966,5, -0.021001, -0.020993, 2.514138,6, -0.021095, -0.022479, 2.639597,
0, -0.010936, -0.002111, -0.014373, 0.001955, 0.000000, 1, -0.024599, -0.002999, 0.900000,2, -0.027875, -0.005919, 1.598248,3, -0.028662, -0.007419, 1.855846,4, -0.024893, -0.005989, 2.383966,5, -0.024791, -0.006787, 2.514138,6, -0.024547, -0.007400, 2.639597,
0, -0.009466, -0.001655, -0.015190, 0.001519, 0.000000, 1, -0.025603, -0.001973, 0.900000,2, -0.031379, -0.001621, 1.598248,3, -0.033221, -0.000984, 1.855846,4, -0.031746, 0.003575, 2.383966,5, -0.032267, 0.003300, 2.514138,6, -0.032874, 0.002700, 2.639597,
0, -0.009934, 0.002237, -0.020745, -0.007209, 0.000000, 1, -0.029670, -0.007148, 0.900000,2, -0.033537, -0.004491, 1.598248,3, -0.034782, -0.003629, 1.855846,4, -0.033399, 0.003502, 2.383966,5, -0.035003, 0.003990, 2.514138,6, -0.036549, 0.004529, 2.639597,
0, -0.021150, 0.016433, -0.051815, -0.010863, 0.000000, 1, -0.073411, 0.001394, 0.900000,2, -0.086558, 0.009240, 1.598248,3, -0.090782, 0.011402, 1.855846,4, -0.093622, 0.020509, 2.383966,5, -0.095385, 0.021951, 2.514138,6, -0.096851, 0.023588, 2.639597,
0, -0.005729, 0.002891, -0.027524, -0.011427, 0.000000, 1, -0.034673, -0.011959, 0.900000,2, -0.041005, -0.010429, 1.598248,3, -0.043807, -0.009661, 1.855846,4, -0.044566, -0.003328, 2.383966,5, -0.046000, -0.003120, 2.514138,6, -0.047564, -0.003038, 2.639597,
0, 0.009051, 0.009554, -0.010510, -0.006932, 0.000000, 1, -0.003030, 0.001519, 0.900000,2, -0.000159, 0.006443, 1.598248,3, -0.000557, 0.007546, 1.855846,4, 0.004043, 0.015042, 2.383966,5, 0.003975, 0.015664, 2.514138,6, 0.003841, 0.016308, 2.639597,
0, -0.006966, -0.000974, -0.020350, 0.002682, 0.000000, 1, -0.025619, -0.000913, 0.900000,2, -0.025382, -0.000716, 1.598248,3, -0.024445, -0.000819, 1.855846,4, -0.018362, 0.003278, 2.383966,5, -0.017389, 0.002626, 2.514138,6, -0.015665, 0.002301, 2.639597,
0, -0.016947, -0.010579, -0.003309, 0.011673, 0.000000, 1, -0.021130, -0.005178, 0.900000,2, -0.033260, -0.015478, 1.598248,3, -0.038292, -0.018505, 1.855846,4, -0.044107, -0.018645, 2.383966,5, -0.047067, -0.019692, 2.514138,6, -0.049888, -0.020887, 2.639597,
0, -0.002387, 0.003711, -0.020243, -0.009346, 0.000000, 1, -0.020185, -0.010436, 0.900000,2, -0.019182, -0.014530, 1.598248,3, -0.018326, -0.015878, 1.855846,4, -0.012386, -0.013343, 2.383966,5, -0.012350, -0.014058, 2.514138,6, -0.012051, -0.014560, 2.639597,
0, 0.004046, 0.002954, -0.018278, -0.004472, 0.000000, 1, -0.013351, -0.005007, 0.900000,2, -0.008926, -0.007463, 1.598248,3, -0.008765, -0.006735, 1.855846,4, -0.002327, -0.002590, 2.383966,5, -0.001750, -0.002510, 2.514138,6, -0.000875, -0.002402, 2.639597,
0, -0.011285, -0.005671, -0.014128, 0.006000, 0.000000, 1, -0.025479, -0.003512, 0.900000,2, -0.030679, -0.011860, 1.598248,3, -0.031735, -0.015327, 1.855846,4, -0.026839, -0.017755, 2.383966,5, -0.026025, -0.020650, 2.514138,6, -0.025103, -0.022490, 2.639597,
0, 0.003056, 0.000042, -0.025160, 0.002594, 0.000000, 1, -0.020608, 0.000647, 0.900000,2, -0.018140, 0.000782, 1.598248,3, -0.018055, 0.001524, 1.855846,4, -0.012985, 0.005984, 2.383966,5, -0.012854, 0.004980, 2.514138,6, -0.012754, 0.003531, 2.639597,
0, -0.002784, 0.001821, -0.016937, -0.006021, 0.000000, 1, -0.018599, -0.007300, 0.900000,2, -0.017673, -0.010705, 1.598248,3, -0.016688, -0.012558, 1.855846,4, -0.009380, -0.011324, 2.383966,5, -0.008796, -0.012072, 2.514138,6, -0.008294, -0.012741, 2.639597,
0, -0.010044, 0.005509, -0.025206, -0.012524, 0.000000, 1, -0.034627, -0.011785, 0.900000,2, -0.017784, -0.008551, 1.598248,3, 0.004225, -0.008622, 1.855846,4, 0.049630, -0.006473, 2.383966,5, 0.049329, -0.021302, 2.514138,6, 0.044693, -0.045141, 2.639597,
0, 0.004279, 0.006339, -0.015441, -0.009296, 0.000000, 1, -0.011005, -0.003805, 0.900000,2, -0.008476, -0.001233, 1.598248,3, -0.007266, -0.000733, 1.855846,4, 0.000771, 0.006422, 2.383966,5, 0.001652, 0.007019, 2.514138,6, 0.002733, 0.008059, 2.639597,
0, 0.013740, -0.031219, -0.020961, 0.009568, 0.000000, 1, -0.023654, -0.000742, 0.900000,2, -0.021448, -0.002939, 1.598248,3, -0.020597, -0.003415, 1.855846,4, -0.014961, -0.000315, 2.383966,5, -0.014753, -0.000775, 2.514138,6, -0.014290, -0.001381, 2.639597,
0, -0.015047, 0.012662, -0.025060, -0.010450, 0.000000, 1, -0.040116, 0.003490, 0.900000,2, -0.046802, 0.015707, 1.598248,3, -0.048209, 0.019327, 1.855846,4, -0.047011, 0.031632, 2.383966,5, -0.047875, 0.033583, 2.514138,6, -0.048907, 0.035659, 2.639597,
0, 0.003925, 0.000226, -0.025292, 0.005424, 0.000000, 1, -0.020388, 0.000418, 0.900000,2, -0.014854, 0.000262, 1.598248,3, -0.013880, 0.001941, 1.855846,4, -0.005284, 0.010180, 2.383966,5, -0.003271, 0.010877, 2.514138,6, 0.001461, 0.012723, 2.639597,
0, -0.013044, 0.007155, -0.026066, -0.012676, 0.000000, 1, -0.037988, -0.010194, 0.900000,2, -0.044417, -0.008486, 1.598248,3, -0.046696, -0.008066, 1.855846,4, -0.048825, -0.001515, 2.383966,5, -0.050390, -0.001116, 2.514138,6, -0.052483, -0.000694, 2.639597,
0, 0.000196, 0.003999, -0.016645, -0.013059, 0.000000, 1, -0.015188, -0.013928, 0.900000,2, -0.013996, -0.015234, 1.598248,3, -0.014064, -0.015626, 1.855846,4, -0.008036, -0.012081, 2.383966,5, -0.007389, -0.012460, 2.514138,6, -0.006667, -0.012583, 2.639597,
0, -0.021395, -0.001654, -0.004733, 0.008056, 0.000000, 1, -0.027943, 0.000055, 0.900000,2, -0.042538, -0.007422, 1.598248,3, -0.047325, -0.009965, 1.855846,4, -0.052261, -0.011439, 2.383966,5, -0.054489, -0.013404, 2.514138,6, -0.056725, -0.015509, 2.639597,
0, 0.003726, 0.004658, -0.019546, -0.004020, 0.000000, 1, -0.013654, -0.003505, 0.900000,2, -0.007666, 0.003782, 1.598248,3, -0.005807, 0.008493, 1.855846,4, 0.001714, 0.022887, 2.383966,5, 0.002254, 0.024484, 2.514138,6, 0.002506, 0.026059, 2.639597,
0, -0.016031, 0.012926, -0.031300, -0.012372, 0.000000, 1, -0.048958, -0.001880, 0.900000,2, -0.058116, 0.004017, 1.598248,3, -0.061166, 0.005581, 1.855846,4, -0.061980, 0.013285, 2.383966,5, -0.062987, 0.013840, 2.514138,6, -0.063762, 0.014644, 2.639597,
0, -0.020067, 0.010013, -0.004114, 0.000693, 0.000000, 1, -0.023798, 0.006338, 0.900000,2, -0.034487, 0.007242, 1.598248,3, -0.038127, 0.007356, 1.855846,4, -0.041005, 0.011635, 2.383966,5, -0.043042, 0.011450, 2.514138,6, -0.045074, 0.011458, 2.639597,
0, -0.011423, 0.005777, -0.023512, -0.010285, 0.000000, 1, -0.032565, -0.005161, 0.900000,2, -0.036666, -0.001785, 1.598248,3, -0.038155, -0.000566, 1.855846,4, -0.037664, 0.006146, 2.383966,5, -0.039035, 0.006411, 2.514138,6, -0.040297, 0.006551, 2.639597,
0, -0.019153, 0.013205, -0.028375, -0.010377, 0.000000, 1, -0.050760, -0.000387, 0.900000,2, -0.067765, 0.007595, 1.598248,3, -0.072993, 0.010075, 1.855846,4, -0.078263, 0.020121, 2.383966,5, -0.080595, 0.021274, 2.514138,6, -0.076480, 0.026198, 2.639597,
0, -0.007251, -0.004328, -0.016814, 0.002895, 0.000000, 1, -0.022069, -0.005886, 0.900000,2, -0.026243, -0.010351, 1.598248,3, -0.027927, -0.011112, 1.855846,4, -0.029355, -0.008270, 2.383966,5, -0.031004, -0.008716, 2.514138,6, -0.032846, -0.009141, 2.639597,
0, -0.019415, 0.019120, -0.016363, -0.004233, 0.000000, 1, -0.033141, 0.013589, 0.900000,2, -0.040951, 0.026403, 1.598248,3, -0.043509, 0.029724, 1.855846,4, -0.044204, 0.040885, 2.383966,5, -0.045572, 0.042084, 2.514138,6, -0.046982, 0.043420, 2.639597,
0, -0.011324, 0.007462, -0.021220, -0.010222, 0.000000, 1, -0.034446, -0.010111, 0.900000,2, -0.041740, -0.013016, 1.598248,3, -0.043879, -0.014022, 1.855846,4, -0.043441, -0.012708, 2.383966,5, -0.044518, -0.013698, 2.514138,6, -0.045320, -0.014680, 2.639597,
0, -0.012285, 0.009884, -0.028928, -0.014342, 0.000000, 1, -0.039803, -0.010510, 0.900000,2, -0.045100, -0.012987, 1.598248,3, -0.046486, -0.014316, 1.855846,4, -0.043503, -0.012520, 2.383966,5, -0.043406, -0.013215, 2.514138,6, -0.043699, -0.014112, 2.639597,
0, -0.002536, -0.006095, -0.023654, 0.004008, 0.000000, 1, -0.026478, -0.004121, 0.900000,2, -0.028809, -0.006385, 1.598248,3, -0.029779, -0.007248, 1.855846,4, -0.026604, -0.006506, 2.383966,5, -0.026860, -0.007975, 2.514138,6, -0.027255, -0.009486, 2.639597,
0, -0.013344, 0.004799, -0.019249, -0.003177, 0.000000, 1, -0.031067, -0.001703, 0.900000,2, -0.035948, 0.000095, 1.598248,3, -0.037325, 0.000390, 1.855846,4, -0.034383, 0.005983, 2.383966,5, -0.034484, 0.006219, 2.514138,6, -0.034720, 0.006474, 2.639597,
0, -0.013347, -0.003129, -0.013765, 0.000036, 0.000000, 1, -0.026275, -0.009026, 0.900000,2, -0.033560, -0.017830, 1.598248,3, -0.036075, -0.021135, 1.855846,4, -0.037964, -0.022868, 2.383966,5, -0.039984, -0.024743, 2.514138,6, -0.041701, -0.026544, 2.639597,
0, -0.008438, -0.009157, -0.019201, 0.010132, 0.000000, 1, -0.028990, -0.004720, 0.900000,2, -0.032315, -0.010553, 1.598248,3, -0.033620, -0.011411, 1.855846,4, -0.032259, -0.007620, 2.383966,5, -0.032772, -0.007116, 2.514138,6, -0.033549, -0.006982, 2.639597,
0, -0.009945, -0.004246, -0.053360, 0.009652, 0.000000, 1, -0.062643, -0.000624, 0.900000,2, -0.068656, -0.006223, 1.598248,3, -0.070871, -0.008232, 1.855846,4, -0.066526, -0.008715, 2.383966,5, -0.065559, -0.010149, 2.514138,6, -0.064662, -0.012037, 2.639597,
0, -0.003466, 0.005112, -0.020893, -0.016564, 0.000000, 1, -0.024276, -0.015905, 0.900000,2, -0.026377, -0.016330, 1.598248,3, -0.026880, -0.016661, 1.855846,4, -0.022181, -0.012459, 2.383966,5, -0.022273, -0.012100, 2.514138,6, -0.022294, -0.011941, 2.639597,
0, -0.006434, -0.013248, -0.031004, -0.000482, 0.000000, 1, -0.055472, 0.005165, 0.900000,2, -0.071290, 0.009359, 1.598248,3, -0.076387, 0.010423, 1.855846,4, -0.082536, 0.017765, 2.383966,5, -0.085582, 0.018896, 2.514138,6, -0.089307, 0.019496, 2.639597,
0, 0.001874, -0.006484, -0.021566, 0.004199, 0.000000, 1, -0.018020, -0.003794, 0.900000,2, -0.015237, -0.006668, 1.598248,3, -0.015317, -0.007696, 1.855846,4, -0.010745, -0.005576, 2.383966,5, -0.011113, -0.006491, 2.514138,6, -0.010919, -0.007335, 2.639597,
0, 0.003182, -0.002384, -0.026267, 0.003659, 0.000000, 1, -0.019727, -0.000624, 0.900000,2, -0.014712, -0.009638, 1.598248,3, -0.014216, -0.013167, 1.855846,4, -0.007396, -0.013825, 2.383966,5, -0.005972, -0.014523, 2.514138,6, -0.004442, -0.015187, 2.639597,
0, -0.007704, 0.003046, -0.021197, -0.007081, 0.000000, 1, -0.030327, -0.009056, 0.900000,2, -0.027809, -0.003361, 1.598248,3, -0.025977, -0.001354, 1.855846,4, -0.018969, 0.007352, 2.383966,5, -0.018772, 0.008317, 2.514138,6, -0.018955, 0.009811, 2.639597,
0, -0.021952, 0.009554, -0.020007, -0.005914, 0.000000, 1, -0.038235, 0.000339, 0.900000,2, -0.043359, 0.005846, 1.598248,3, -0.044370, 0.007287, 1.855846,4, -0.041155, 0.014611, 2.383966,5, -0.041599, 0.015306, 2.514138,6, -0.042024, 0.016035, 2.639597,
0, -0.022675, 0.014442, -0.006967, -0.001230, 0.000000, 1, -0.030128, 0.012207, 0.900000,2, -0.044287, 0.022450, 1.598248,3, -0.048885, 0.025562, 1.855846,4, -0.053371, 0.036768, 2.383966,5, -0.055539, 0.038484, 2.514138,6, -0.057829, 0.040100, 2.639597,
0, 0.001164, -0.010004, -0.034179, 0.016165, 0.000000, 1, -0.031319, -0.000565, 0.900000,2, -0.027215, -0.012848, 1.598248,3, -0.025696, -0.016840, 1.855846,4, -0.017337, -0.021285, 2.383966,5, -0.016173, -0.023733, 2.514138,6, -0.015101, -0.026106, 2.639597,
0, -0.009516, 0.011116, -0.017609, -0.011865, 0.000000, 1, -0.025402, -0.002276, 0.900000,2, -0.030295, 0.008124, 1.598248,3, -0.032557, 0.012395, 1.855846,4, -0.031293, 0.024668, 2.383966,5, -0.032536, 0.025931, 2.514138,6, -0.033113, 0.027006, 2.639597,
0, -0.030791, -0.036389, -0.019807, -0.009480, 0.000000, 1, -0.033407, -0.006501, 0.900000,2, -0.043862, -0.005483, 1.598248,3, -0.047715, -0.005226, 1.855846,4, -0.051262, -0.000559, 2.383966,5, -0.052829, -0.000830, 2.514138,6, -0.051871, -0.001354, 2.639597,
0, -0.014579, -0.006693, -0.001763, 0.003117, 0.000000, 1, -0.022554, -0.000316, 0.900000,2, -0.035299, 0.002546, 1.598248,3, -0.039863, 0.004880, 1.855846,4, -0.043703, 0.010985, 2.383966,5, -0.045172, 0.010668, 2.514138,6, -0.047687, 0.010589, 2.639597,
0, 0.002661, 0.015355, -0.045792, -0.007789, 0.000000, 1, -0.040625, 0.004094, 0.900000,2, -0.034369, 0.012038, 1.598248,3, -0.032375, 0.015011, 1.855846,4, -0.024315, 0.026314, 2.383966,5, -0.023180, 0.028498, 2.514138,6, -0.021784, 0.030641, 2.639597,
0, -0.007266, 0.005232, -0.019605, -0.010778, 0.000000, 1, -0.026679, -0.008989, 0.900000,2, -0.028670, -0.008502, 1.598248,3, -0.029095, -0.009012, 1.855846,4, -0.026496, -0.006083, 2.383966,5, -0.027267, -0.006910, 2.514138,6, -0.028073, -0.007597, 2.639597,
0, -0.004606, 0.005146, -0.016723, -0.015209, 0.000000, 1, -0.022960, -0.011475, 0.900000,2, -0.029516, -0.009147, 1.598248,3, -0.032210, -0.009660, 1.855846,4, -0.033034, -0.005753, 2.383966,5, -0.034607, -0.005718, 2.514138,6, -0.036507, -0.005593, 2.639597,
0, -0.015054, -0.002287, -0.019402, -0.004813, 0.000000, 1, -0.033066, -0.005812, 0.900000,2, -0.042758, -0.002783, 1.598248,3, -0.045512, -0.000720, 1.855846,4, -0.046382, 0.008294, 2.383966,5, -0.047686, 0.009196, 2.514138,6, -0.048694, 0.009930, 2.639597,
0, -0.012930, 0.002075, -0.015219, -0.004201, 0.000000, 1, -0.034594, -0.004965, 0.900000,2, -0.047560, -0.003803, 1.598248,3, -0.052190, -0.003372, 1.855846,4, -0.057135, 0.001743, 2.383966,5, -0.059622, 0.001513, 2.514138,6, -0.062090, 0.001074, 2.639597,
0, -0.006647, -0.002004, -0.022233, -0.002170, 0.000000, 1, -0.030600, -0.002635, 0.900000,2, -0.036342, 0.000036, 1.598248,3, -0.038760, 0.000588, 1.855846,4, -0.039393, 0.006256, 2.383966,5, -0.040828, 0.006045, 2.514138,6, -0.042596, 0.005786, 2.639597,
0, -0.019091, 0.014861, -0.026999, -0.008248, 0.000000, 1, -0.047119, 0.004787, 0.900000,2, -0.058520, 0.014436, 1.598248,3, -0.061510, 0.016989, 1.855846,4, -0.064078, 0.027570, 2.383966,5, -0.065981, 0.029309, 2.514138,6, -0.068059, 0.031058, 2.639597,
0, -0.009596, 0.004613, -0.018465, -0.007554, 0.000000, 1, -0.028345, -0.007483, 0.900000,2, -0.033688, -0.008904, 1.598248,3, -0.035809, -0.009462, 1.855846,4, -0.034639, -0.007115, 2.383966,5, -0.035636, -0.008114, 2.514138,6, -0.036694, -0.009141, 2.639597,
0, -0.011328, 0.006935, -0.024549, -0.007715, 0.000000, 1, -0.036062, -0.004964, 0.900000,2, -0.044361, -0.004766, 1.598248,3, -0.048486, -0.003686, 1.855846,4, -0.048440, 0.003272, 2.383966,5, -0.049195, 0.002787, 2.514138,6, -0.049694, 0.001743, 2.639597,
0, -0.013510, 0.002333, -0.015138, -0.001693, 0.000000, 1, -0.029442, -0.008569, 0.900000,2, -0.045113, -0.014616, 1.598248,3, -0.051519, -0.015714, 1.855846,4, -0.053223, -0.015290, 2.383966,5, -0.053172, -0.017116, 2.514138,6, -0.051504, -0.018985, 2.639597,
0, -0.002196, 0.004110, -0.018167, -0.007107, 0.000000, 1, -0.019673, -0.007202, 0.900000,2, -0.021257, -0.006673, 1.598248,3, -0.021818, -0.005623, 1.855846,4, -0.019721, 0.001846, 2.383966,5, -0.020764, 0.002493, 2.514138,6, -0.021885, 0.003271, 2.639597,
0, -0.020675, -0.000935, -0.025403, 0.004859, 0.000000, 1, -0.050679, 0.000279, 0.900000,2, -0.068573, -0.003225, 1.598248,3, -0.073835, -0.004176, 1.855846,4, -0.077585, -0.002292, 2.383966,5, -0.079379, -0.002716, 2.514138,6, -0.081287, -0.003368, 2.639597,
0, -0.012455, 0.007724, -0.037420, -0.015444, 0.000000, 1, -0.046997, -0.010588, 0.900000,2, -0.048757, -0.009033, 1.598248,3, -0.048910, -0.008983, 1.855846,4, -0.044486, -0.004278, 2.383966,5, -0.044675, -0.003970, 2.514138,6, -0.044879, -0.003734, 2.639597,
0, -0.016050, 0.008139, -0.024832, -0.008639, 0.000000, 1, -0.040881, -0.002963, 0.900000,2, -0.055935, -0.000111, 1.598248,3, -0.061397, 0.000489, 1.855846,4, -0.068361, 0.007277, 2.383966,5, -0.071172, 0.008377, 2.514138,6, -0.073959, 0.009893, 2.639597,
0, -0.012133, -0.016757, -0.017445, 0.016309, 0.000000, 1, -0.031257, -0.004977, 0.900000,2, -0.044840, -0.016998, 1.598248,3, -0.049211, -0.020807, 1.855846,4, -0.053925, -0.022838, 2.383966,5, -0.056339, -0.024316, 2.514138,6, -0.058713, -0.025941, 2.639597,
0, -0.000710, 0.002641, -0.017999, -0.005266, 0.000000, 1, -0.014877, -0.008807, 0.900000,2, -0.012124, -0.013025, 1.598248,3, -0.011786, -0.014349, 1.855846,4, -0.005871, -0.012017, 2.383966,5, -0.005395, -0.012950, 2.514138,6, -0.004678, -0.014006, 2.639597,
0, -0.007704, 0.006803, -0.021448, -0.006639, 0.000000, 1, -0.031199, -0.003686, 0.900000,2, -0.040117, -0.004970, 1.598248,3, -0.043269, -0.006578, 1.855846,4, -0.045385, -0.004715, 2.383966,5, -0.046772, -0.004716, 2.514138,6, -0.048504, -0.004544, 2.639597,
0, 0.000175, 0.001001, -0.020492, -0.005427, 0.000000, 1, -0.018540, -0.010030, 0.900000,2, -0.015470, -0.008764, 1.598248,3, -0.015061, -0.007648, 1.855846,4, -0.009565, -0.000485, 2.383966,5, -0.009409, 0.000265, 2.514138,6, -0.009281, 0.000876, 2.639597,
0, -0.003192, 0.006185, -0.015543, -0.013564, 0.000000, 1, -0.020179, -0.013213, 0.900000,2, -0.024870, -0.013808, 1.598248,3, -0.026399, -0.014114, 1.855846,4, -0.025157, -0.010769, 2.383966,5, -0.025927, -0.011330, 2.514138,6, -0.026296, -0.011941, 2.639597,
0, -0.004179, 0.003137, -0.023066, -0.010864, 0.000000, 1, -0.024982, -0.012427, 0.900000,2, -0.027651, -0.012177, 1.598248,3, -0.029557, -0.012205, 1.855846,4, -0.027848, -0.007268, 2.383966,5, -0.029031, -0.006975, 2.514138,6, -0.030164, -0.006534, 2.639597,
0, -0.000410, -0.008126, -0.032306, 0.011693, 0.000000, 1, -0.029200, -0.004403, 0.900000,2, -0.026066, -0.020980, 1.598248,3, -0.025713, -0.027164, 1.855846,4, -0.021075, -0.034114, 2.383966,5, -0.021161, -0.036944, 2.514138,6, -0.023450, -0.038585, 2.639597,
0, 0.002278, -0.005880, -0.030394, 0.010043, 0.000000, 1, -0.025093, 0.002099, 0.900000,2, -0.020428, 0.004302, 1.598248,3, -0.019824, 0.005289, 1.855846,4, -0.013380, 0.012262, 2.383966,5, -0.012771, 0.012484, 2.514138,6, -0.012144, 0.012859, 2.639597,
0, -0.016995, 0.001563, -0.009599, 0.004852, 0.000000, 1, -0.024312, -0.006603, 0.900000,2, -0.033886, -0.016600, 1.598248,3, -0.037225, -0.019184, 1.855846,4, -0.038412, -0.020109, 2.383966,5, -0.039769, -0.021684, 2.514138,6, -0.041102, -0.023323, 2.639597,
0, -0.012263, 0.001863, -0.017611, -0.004610, 0.000000, 1, -0.031363, -0.007224, 0.900000,2, -0.041712, -0.006173, 1.598248,3, -0.045328, -0.005585, 1.855846,4, -0.048405, 0.000009, 2.383966,5, -0.050532, 0.000217, 2.514138,6, -0.052713, 0.000295, 2.639597,
0, -0.021676, 0.016276, -0.011386, -0.001902, 0.000000, 1, -0.034150, 0.012628, 0.900000,2, -0.050275, 0.020884, 1.598248,3, -0.055183, 0.022848, 1.855846,4, -0.061357, 0.033022, 2.383966,5, -0.064094, 0.034554, 2.514138,6, -0.066839, 0.035853, 2.639597,
0, -0.015825, 0.007430, -0.015997, -0.003262, 0.000000, 1, -0.034672, 0.000882, 0.900000,2, -0.045428, -0.000648, 1.598248,3, -0.048389, -0.001855, 1.855846,4, -0.050645, 0.000179, 2.383966,5, -0.052173, -0.000558, 2.514138,6, -0.053858, -0.001498, 2.639597,
0, 0.001725, 0.006073, -0.017246, -0.013416, 0.000000, 1, -0.016520, -0.012271, 0.900000,2, -0.014204, -0.011023, 1.598248,3, -0.013271, -0.009887, 1.855846,4, -0.007627, -0.002478, 2.383966,5, -0.007369, -0.001116, 2.514138,6, -0.007160, 0.000267, 2.639597,
0, -0.014175, -0.008342, -0.011974, 0.009528, 0.000000, 1, -0.027291, -0.003294, 0.900000,2, -0.035001, -0.011822, 1.598248,3, -0.036740, -0.014811, 1.855846,4, -0.035398, -0.015853, 2.383966,5, -0.036513, -0.017116, 2.514138,6, -0.037322, -0.018854, 2.639597,
0, 0.025528, -0.017184, -0.019645, 0.007476, 0.000000, 1, -0.001422, 0.000776, 0.900000,2, 0.006601, 0.005308, 1.598248,3, 0.009344, 0.006939, 1.855846,4, 0.018824, 0.015178, 2.383966,5, 0.019943, 0.016226, 2.514138,6, 0.020899, 0.017190, 2.639597,
0, -0.013625, 0.003586, -0.020333, -0.006509, 0.000000, 1, -0.033716, -0.004688, 0.900000,2, -0.039259, -0.003512, 1.598248,3, -0.040478, -0.003718, 1.855846,4, -0.037976, 0.000885, 2.383966,5, -0.038839, 0.001227, 2.514138,6, -0.039671, 0.001490, 2.639597,
0, 0.004041, -0.004909, -0.021628, 0.000208, 0.000000, 1, -0.020369, -0.003491, 0.900000,2, -0.021752, -0.003297, 1.598248,3, -0.022453, -0.002910, 1.855846,4, -0.019797, 0.003022, 2.383966,5, -0.020954, 0.003056, 2.514138,6, -0.021628, 0.003045, 2.639597,
0, -0.018205, 0.015995, -0.032445, -0.010726, 0.000000, 1, -0.052412, 0.004276, 0.900000,2, -0.065882, 0.013447, 1.598248,3, -0.070402, 0.016011, 1.855846,4, -0.075376, 0.025687, 2.383966,5, -0.077763, 0.027055, 2.514138,6, -0.080202, 0.028528, 2.639597,
0, -0.019343, 0.014412, -0.045031, -0.010157, 0.000000, 1, -0.065933, 0.002254, 0.900000,2, -0.078936, 0.010606, 1.598248,3, -0.083220, 0.012800, 1.855846,4, -0.086539, 0.023827, 2.383966,5, -0.088264, 0.025576, 2.514138,6, -0.090305, 0.027092, 2.639597,
0, 0.009428, 0.010861, -0.012599, -0.007920, 0.000000, 1, 0.000212, 0.001462, 0.900000,2, 0.012754, 0.006064, 1.598248,3, 0.016184, 0.006181, 1.855846,4, 0.028272, 0.010691, 2.383966,5, 0.030230, 0.010521, 2.514138,6, 0.032026, 0.010170, 2.639597,
0, 0.001828, 0.007310, -0.026760, -0.011980, 0.000000, 1, -0.024786, -0.008622, 0.900000,2, -0.020026, -0.007045, 1.598248,3, -0.018730, -0.006051, 1.855846,4, -0.011181, 0.000833, 2.383966,5, -0.010015, 0.001093, 2.514138,6, -0.009472, 0.001253, 2.639597,
0, 0.001269, -0.008709, -0.031210, 0.013583, 0.000000, 1, -0.028880, -0.002063, 0.900000,2, -0.025448, -0.013411, 1.598248,3, -0.025276, -0.018849, 1.855846,4, -0.017008, -0.021882, 2.383966,5, -0.016457, -0.023708, 2.514138,6, -0.015934, -0.025669, 2.639597,
0, 0.004595, -0.000698, -0.029308, 0.005337, 0.000000, 1, -0.023181, 0.000596, 0.900000,2, -0.017927, -0.002182, 1.598248,3, -0.015657, -0.003044, 1.855846,4, -0.004393, 0.000662, 2.383966,5, -0.002657, 0.000486, 2.514138,6, -0.000686, 0.000504, 2.639597,
0, -0.008038, 0.005576, -0.028606, -0.016897, 0.000000, 1, -0.037955, -0.016657, 0.900000,2, -0.044298, -0.017071, 1.598248,3, -0.046776, -0.017133, 1.855846,4, -0.046645, -0.012605, 2.383966,5, -0.047752, -0.012534, 2.514138,6, -0.048749, -0.012324, 2.639597,
0, 0.006709, 0.005228, -0.017296, -0.002400, 0.000000, 1, -0.004989, 0.000797, 0.900000,2, 0.002894, 0.006526, 1.598248,3, 0.004364, 0.008956, 1.855846,4, 0.011329, 0.018427, 2.383966,5, 0.012011, 0.019854, 2.514138,6, 0.012718, 0.021416, 2.639597,
0, -0.016628, 0.002721, -0.011022, 0.000949, 0.000000, 1, -0.028348, -0.000661, 0.900000,2, -0.032941, -0.004436, 1.598248,3, -0.033467, -0.005824, 1.855846,4, -0.029765, -0.003915, 2.383966,5, -0.030217, -0.004640, 2.514138,6, -0.030713, -0.005316, 2.639597,
0, -0.004485, 0.013753, -0.089417, -0.001107, 0.000000, 1, -0.091007, 0.011044, 0.900000,2, -0.090771, 0.020174, 1.598248,3, -0.091161, 0.022370, 1.855846,4, -0.086403, 0.031912, 2.383966,5, -0.086009, 0.033284, 2.514138,6, -0.084743, 0.033626, 2.639597,
0, 0.004950, -0.002808, -0.034356, 0.014304, 0.000000, 1, -0.025017, 0.006379, 0.900000,2, -0.020287, 0.002624, 1.598248,3, -0.020180, 0.001928, 1.855846,4, -0.018776, 0.005118, 2.383966,5, -0.021258, 0.004926, 2.514138,6, -0.023814, 0.004774, 2.639597,
0, 0.004885, 0.009878, -0.007616, -0.012520, 0.000000, 1, -0.003399, -0.004701, 0.900000,2, -0.001877, 0.002436, 1.598248,3, -0.001735, 0.005065, 1.855846,4, 0.002451, 0.015881, 2.383966,5, 0.002576, 0.017139, 2.514138,6, 0.001417, 0.019599, 2.639597,
0, -0.009855, 0.002542, -0.018277, -0.005346, 0.000000, 1, -0.025710, -0.005012, 0.900000,2, -0.031921, -0.007770, 1.598248,3, -0.034915, -0.009022, 1.855846,4, -0.035881, -0.006062, 2.383966,5, -0.037334, -0.005854, 2.514138,6, -0.039106, -0.005684, 2.639597,
0, -0.022357, 0.006375, -0.000486, 0.004318, 0.000000, 1, -0.022781, 0.008380, 0.900000,2, -0.035521, 0.012235, 1.598248,3, -0.039330, 0.012829, 1.855846,4, -0.041771, 0.018594, 2.383966,5, -0.077258, -0.038957, 2.514138,6, -0.045519, 0.019451, 2.639597,
0, -0.010053, -0.004991, -0.018274, 0.003662, 0.000000, 1, -0.027401, -0.007912, 0.900000,2, -0.029773, -0.016689, 1.598248,3, -0.030550, -0.019426, 1.855846,4, -0.030999, -0.021368, 2.383966,5, -0.033972, -0.023733, 2.514138,6, -0.036558, -0.026170, 2.639597,
0, -0.013157, -0.002572, -0.010302, 0.004619, 0.000000, 1, -0.025876, -0.004470, 0.900000,2, -0.031805, -0.006103, 1.598248,3, -0.032999, -0.006264, 1.855846,4, -0.029453, -0.001383, 2.383966,5, -0.029541, -0.000982, 2.514138,6, -0.029451, -0.001006, 2.639597,
0, 0.008274, 0.002230, -0.027918, 0.006548, 0.000000, 1, -0.017343, 0.008507, 0.900000,2, -0.005767, 0.014797, 1.598248,3, -0.001579, 0.017038, 1.855846,4, 0.011513, 0.025930, 2.383966,5, 0.013816, 0.026884, 2.514138,6, 0.016285, 0.027659, 2.639597,
0, -0.018093, 0.011234, -0.009509, -0.001661, 0.000000, 1, -0.031140, 0.005845, 0.900000,2, -0.050550, 0.008122, 1.598248,3, -0.056972, 0.007457, 1.855846,4, -0.064812, 0.010150, 2.383966,5, -0.067694, 0.008101, 2.514138,6, -0.070871, 0.006043, 2.639597,
0, 0.003992, -0.006029, -0.037177, 0.015074, 0.000000, 1, -0.035364, 0.011009, 0.900000,2, -0.035682, 0.012443, 1.598248,3, -0.035500, 0.013021, 1.855846,4, -0.030529, 0.018575, 2.383966,5, -0.030197, 0.018771, 2.514138,6, -0.029466, 0.018724, 2.639597,
0, -0.006517, -0.011584, -0.030425, 0.015937, 0.000000, 1, -0.036627, -0.002402, 0.900000,2, -0.039727, -0.013743, 1.598248,3, -0.040605, -0.016807, 1.855846,4, -0.038531, -0.017515, 2.383966,5, -0.039159, -0.018716, 2.514138,6, -0.039671, -0.019416, 2.639597,
0, 0.002011, -0.003668, -0.028544, 0.009888, 0.000000, 1, -0.032814, 0.005579, 0.900000,2, -0.029365, 0.009199, 1.598248,3, -0.031620, 0.009437, 1.855846,4, -0.027114, 0.012683, 2.383966,5, -0.028961, 0.011858, 2.514138,6, -0.029043, 0.009600, 2.639597,
0, 0.004808, 0.001398, -0.024340, 0.002518, 0.000000, 1, -0.014186, -0.002023, 0.900000,2, -0.005720, -0.004076, 1.598248,3, -0.004227, -0.004423, 1.855846,4, 0.004017, -0.000830, 2.383966,5, 0.004828, -0.001516, 2.514138,6, 0.006126, -0.001805, 2.639597,
0, -0.021368, 0.022490, -0.019865, -0.004475, 0.000000, 1, -0.032997, 0.020994, 0.900000,2, -0.035900, 0.039655, 1.598248,3, -0.038011, 0.042535, 1.855846,4, -0.032927, 0.056409, 2.383966,5, -0.028578, 0.063926, 2.514138,6, -0.024482, 0.070210, 2.639597,
0, -0.001986, 0.000238, -0.018654, -0.007034, 0.000000, 1, -0.021191, -0.011526, 0.900000,2, -0.022141, -0.012675, 1.598248,3, -0.022302, -0.012317, 1.855846,4, -0.017818, -0.006600, 2.383966,5, -0.018055, -0.006359, 2.514138,6, -0.018087, -0.005946, 2.639597,
0, -0.008647, 0.002999, -0.018685, -0.008203, 0.000000, 1, -0.026439, -0.004550, 0.900000,2, -0.030165, 0.002441, 1.598248,3, -0.031096, 0.004980, 1.855846,4, -0.028062, 0.014838, 2.383966,5, -0.028475, 0.015885, 2.514138,6, -0.028294, 0.017259, 2.639597,
0, -0.020867, 0.011704, -0.004902, 0.000860, 0.000000, 1, -0.030117, 0.011880, 0.900000,2, -0.049147, 0.021602, 1.598248,3, -0.056081, 0.024343, 1.855846,4, -0.065955, 0.035878, 2.383966,5, -0.069388, 0.038182, 2.514138,6, -0.073156, 0.040253, 2.639597,
0, -0.018975, 0.014321, -0.025742, -0.007529, 0.000000, 1, -0.046146, 0.002909, 0.900000,2, -0.059330, 0.006020, 1.598248,3, -0.063898, 0.006176, 1.855846,4, -0.069420, 0.011829, 2.383966,5, -0.071633, 0.012332, 2.514138,6, -0.074045, 0.012828, 2.639597,
0, 0.002509, 0.002650, -0.009759, -0.013491, 0.000000, 1, -0.002887, -0.010773, 0.900000,2, 0.003909, -0.006878, 1.598248,3, 0.005743, -0.005705, 1.855846,4, 0.013993, 0.002186, 2.383966,5, 0.014851, 0.002814, 2.514138,6, 0.015566, 0.003999, 2.639597,
0, -0.007312, 0.001660, -0.023487, -0.012469, 0.000000, 1, -0.032117, -0.012440, 0.900000,2, -0.034120, -0.011809, 1.598248,3, -0.033817, -0.012921, 1.855846,4, -0.026665, -0.010303, 2.383966,5, -0.025879, -0.011016, 2.514138,6, -0.025057, -0.012155, 2.639597,
0, -0.004246, 0.003233, -0.019476, -0.008681, 0.000000, 1, -0.024186, -0.009415, 0.900000,2, -0.029709, -0.008870, 1.598248,3, -0.031958, -0.009052, 1.855846,4, -0.031206, -0.004715, 2.383966,5, -0.030431, -0.004661, 2.514138,6, -0.032678, -0.004183, 2.639597,
0, -0.018400, 0.001900, -0.006370, 0.004184, 0.000000, 1, -0.029395, 0.000800, 0.900000,2, -0.030319, 0.004173, 1.598248,3, -0.031529, 0.003432, 1.855846,4, -0.028662, 0.003518, 2.383966,5, -0.030967, 0.005857, 2.514138,6, -0.032293, 0.008252, 2.639597,
0, -0.013791, 0.020453, -0.074057, -0.013289, 0.000000, 1, -0.079722, -0.000552, 0.900000,2, -0.085368, 0.005566, 1.598248,3, -0.087843, 0.007888, 1.855846,4, -0.087997, 0.017127, 2.383966,5, -0.089349, 0.019284, 2.514138,6, -0.090476, 0.021484, 2.639597,
0, 0.008686, -0.001977, -0.040711, 0.014727, 0.000000, 1, -0.031211, 0.009808, 0.900000,2, -0.023187, 0.006823, 1.598248,3, -0.020314, 0.005569, 1.855846,4, -0.009201, 0.009494, 2.383966,5, -0.007555, 0.009079, 2.514138,6, -0.005630, 0.008571, 2.639597,
0, -0.021816, 0.022292, -0.017256, -0.003826, 0.000000, 1, -0.040597, 0.015921, 0.900000,2, -0.052304, 0.027905, 1.598248,3, -0.055996, 0.030865, 1.855846,4, -0.057423, 0.066085, 2.383966,5, -0.055381, 0.096340, 2.514138,6, -0.050237, 0.120233, 2.639597,
0, -0.007571, 0.001784, -0.020958, -0.003710, 0.000000, 1, -0.026400, -0.005420, 0.900000,2, -0.030371, -0.005812, 1.598248,3, -0.031712, -0.006334, 1.855846,4, -0.029637, -0.002471, 2.383966,5, -0.030394, -0.002532, 2.514138,6, -0.031307, -0.002878, 2.639597,
0, 0.002524, 0.001296, -0.017172, -0.002400, 0.000000, 1, -0.016074, -0.002856, 0.900000,2, -0.014434, -0.006422, 1.598248,3, -0.013582, -0.008222, 1.855846,4, -0.007586, -0.007374, 2.383966,5, -0.007371, -0.008344, 2.514138,6, -0.006902, -0.009312, 2.639597,
0, 0.067181, -0.100005, -0.052726, 0.041239, 0.000000, 1, -0.024358, -0.004330, 0.900000,2, -0.027002, -0.006155, 1.598248,3, -0.027632, -0.007402, 1.855846,4, -0.024648, -0.004930, 2.383966,5, -0.025645, -0.005733, 2.514138,6, -0.026557, -0.006518, 2.639597,
0, 0.008781, 0.001871, -0.029348, 0.009466, 0.000000, 1, -0.015423, 0.006162, 0.900000,2, -0.001084, 0.000198, 1.598248,3, 0.003934, -0.001686, 1.855846,4, 0.018979, -0.000799, 2.383966,5, 0.021594, -0.002967, 2.514138,6, 0.024333, -0.005141, 2.639597,
0, -0.017203, -0.005773, -0.003995, 0.010067, 0.000000, 1, -0.021400, 0.002404, 0.900000,2, -0.033502, 0.000999, 1.598248,3, -0.038116, 0.000494, 1.855846,4, -0.041489, 0.004079, 2.383966,5, -0.042822, 0.003514, 2.514138,6, -0.044347, 0.003257, 2.639597,
0, 0.005896, 0.003451, -0.023098, 0.001269, 0.000000, 1, -0.020472, -0.001486, 0.900000,2, -0.017470, -0.003054, 1.598248,3, -0.015557, -0.003568, 1.855846,4, -0.004830, -0.001311, 2.383966,5, -0.002972, -0.002316, 2.514138,6, -0.000938, -0.004093, 2.639597,
0, -0.008413, -0.002102, -0.021178, 0.002265, 0.000000, 1, -0.030189, -0.000921, 0.900000,2, -0.037461, 0.000475, 1.598248,3, -0.040144, 0.001026, 1.855846,4, -0.041497, 0.006274, 2.383966,5, -0.043065, 0.006729, 2.514138,6, -0.045094, 0.007132, 2.639597,
0, -0.013567, 0.006946, -0.021213, -0.004361, 0.000000, 1, -0.036567, -0.002096, 0.900000,2, -0.047305, -0.002736, 1.598248,3, -0.050859, -0.003161, 1.855846,4, -0.053416, 0.000713, 2.383966,5, -0.055373, 0.000303, 2.514138,6, -0.057312, 0.000025, 2.639597,
0, 0.004760, 0.001090, -0.024676, 0.004773, 0.000000, 1, -0.019439, 0.000800, 0.900000,2, -0.014776, 0.001250, 1.598248,3, -0.013538, 0.002162, 1.855846,4, -0.006776, 0.009285, 2.383966,5, -0.006618, 0.009680, 2.514138,6, -0.006622, 0.010085, 2.639597,
0, 0.007318, 0.010842, -0.008651, -0.008378, 0.000000, 1, -0.003032, -0.000900, 0.900000,2, 0.003517, 0.003605, 1.598248,3, 0.006092, 0.004708, 1.855846,4, 0.015624, 0.012085, 2.383966,5, 0.016558, 0.012664, 2.514138,6, 0.017879, 0.013514, 2.639597,
0, -0.007177, 0.002582, -0.019494, -0.008088, 0.000000, 1, -0.028139, -0.009175, 0.900000,2, -0.038446, -0.020727, 1.598248,3, -0.040262, -0.029252, 1.855846,4, -0.049504, -0.034778, 2.383966,5, -0.057218, -0.034718, 2.514138,6, -0.063726, -0.035974, 2.639597,
0, -0.020523, 0.017767, -0.016627, -0.003503, 0.000000, 1, -0.039528, 0.016186, 0.900000,2, -0.049935, 0.031596, 1.598248,3, -0.053354, 0.035941, 1.855846,4, -0.056224, 0.048885, 2.383966,5, -0.058180, 0.050484, 2.514138,6, -0.060061, 0.052317, 2.639597,
0, -0.004264, 0.002753, -0.018610, -0.012873, 0.000000, 1, -0.022941, -0.015608, 0.900000,2, -0.024630, -0.017618, 1.598248,3, -0.025245, -0.017991, 1.855846,4, -0.023357, -0.012114, 2.383966,5, -0.025894, -0.010343, 2.514138,6, -0.033488, -0.006543, 2.639597,
0, 0.004766, 0.008114, -0.010913, -0.010847, 0.000000, 1, -0.002763, -0.005578, 0.900000,2, 0.004631, -0.000535, 1.598248,3, 0.006171, 0.000803, 1.855846,4, 0.014201, 0.007837, 2.383966,5, 0.015102, 0.008234, 2.514138,6, 0.016055, 0.008642, 2.639597,
0, -0.009270, 0.002756, -0.021214, -0.007979, 0.000000, 1, -0.032694, -0.006449, 0.900000,2, -0.045841, -0.002581, 1.598248,3, -0.050892, -0.001282, 1.855846,4, -0.052997, 0.004559, 2.383966,5, -0.054978, 0.004594, 2.514138,6, -0.055829, 0.005356, 2.639597,
0, 0.008161, 0.010145, -0.013612, -0.008050, 0.000000, 1, -0.002825, -0.005042, 0.900000,2, 0.010443, 0.001729, 1.598248,3, 0.015991, 0.005025, 1.855846,4, 0.030546, 0.016718, 2.383966,5, 0.033205, 0.017864, 2.514138,6, 0.036151, 0.018881, 2.639597,
0, 0.001417, -0.004085, -0.017784, -0.002114, 0.000000, 1, -0.015999, -0.007656, 0.900000,2, -0.010224, -0.012425, 1.598248,3, -0.007682, -0.014076, 1.855846,4, 0.001665, -0.012850, 2.383966,5, 0.002844, -0.013757, 2.514138,6, 0.003951, -0.014903, 2.639597,
0, 0.000749, 0.005925, -0.012756, -0.015629, 0.000000, 1, -0.012023, -0.014481, 0.900000,2, -0.014462, -0.013870, 1.598248,3, -0.016083, -0.013115, 1.855846,4, -0.015183, -0.007294, 2.383966,5, -0.015820, -0.006934, 2.514138,6, -0.016694, -0.006341, 2.639597,
0, -0.009785, 0.006830, -0.028269, -0.014736, 0.000000, 1, -0.035489, -0.010140, 0.900000,2, -0.040420, -0.020968, 1.598248,3, -0.041617, -0.024352, 1.855846,4, -0.043223, -0.023639, 2.383966,5, -0.046372, -0.023516, 2.514138,6, -0.048889, -0.023541, 2.639597,
0, -0.015465, 0.010107, -0.023797, -0.009828, 0.000000, 1, -0.042161, -0.003480, 0.900000,2, -0.056098, -0.002888, 1.598248,3, -0.060268, -0.003794, 1.855846,4, -0.064008, 0.000237, 2.383966,5, -0.066166, 0.000312, 2.514138,6, -0.068275, 0.000433, 2.639597,
0, 0.115958, 0.161766, -0.028145, 0.009022, 0.000000, 1, -0.025993, 0.000140, 0.900000,2, -0.025047, -0.007313, 1.598248,3, -0.024864, -0.008854, 1.855846,4, -0.018624, -0.005789, 2.383966,5, -0.017988, -0.005978, 2.514138,6, -0.017151, -0.006476, 2.639597,
0, -0.006591, 0.000155, -0.018560, -0.001976, 0.000000, 1, -0.025323, -0.007562, 0.900000,2, -0.027355, -0.009771, 1.598248,3, -0.026388, -0.008723, 1.855846,4, -0.021607, 0.000814, 2.383966,5, -0.021345, 0.002176, 2.514138,6, -0.022269, 0.003843, 2.639597,
0, 0.002228, 0.004035, -0.014712, -0.010835, 0.000000, 1, -0.011222, -0.010047, 0.900000,2, -0.009366, -0.005249, 1.598248,3, -0.009205, -0.002985, 1.855846,4, -0.003794, 0.007312, 2.383966,5, -0.003740, 0.008884, 2.514138,6, -0.004023, 0.010277, 2.639597,
0, -0.006127, -0.004225, -0.023322, 0.001420, 0.000000, 1, -0.030739, -0.009544, 0.900000,2, -0.036061, -0.014991, 1.598248,3, -0.037392, -0.016427, 1.855846,4, -0.035407, -0.014628, 2.383966,5, -0.036180, -0.015497, 2.514138,6, -0.037277, -0.016231, 2.639597,
0, -0.002850, -0.000425, -0.022429, -0.002812, 0.000000, 1, -0.023051, -0.007007, 0.900000,2, -0.021843, -0.008083, 1.598248,3, -0.021691, -0.008049, 1.855846,4, -0.015787, -0.002929, 2.383966,5, -0.014607, -0.003116, 2.514138,6, -0.013445, -0.003358, 2.639597,
0, -0.010288, 0.007138, -0.026812, -0.016813, 0.000000, 1, -0.035556, -0.011318, 0.900000,2, -0.044240, -0.007392, 1.598248,3, -0.047906, -0.006806, 1.855846,4, -0.048556, 0.000112, 2.383966,5, -0.049010, 0.000884, 2.514138,6, -0.049856, 0.001399, 2.639597,
0, -0.004472, 0.005306, -0.018522, -0.004662, 0.000000, 1, -0.022386, -0.007565, 0.900000,2, -0.023704, -0.011540, 1.598248,3, -0.024199, -0.012638, 1.855846,4, -0.019305, -0.009867, 2.383966,5, -0.018772, -0.010847, 2.514138,6, -0.018302, -0.012011, 2.639597,
0, -0.006158, 0.004366, -0.023047, -0.010860, 0.000000, 1, -0.029769, -0.012088, 0.900000,2, -0.028079, -0.013802, 1.598248,3, -0.027372, -0.013900, 1.855846,4, -0.020666, -0.007894, 2.383966,5, -0.020310, -0.006741, 2.514138,6, -0.019494, -0.005541, 2.639597,
0, 0.006936, 0.005989, -0.011742, -0.008264, 0.000000, 1, -0.004323, -0.010305, 0.900000,2, 0.004774, -0.012745, 1.598248,3, 0.008945, -0.011253, 1.855846,4, 0.018526, 0.000964, 2.383966,5, 0.020270, 0.001848, 2.514138,6, 0.022637, 0.002486, 2.639597,
0, 0.009410, 0.001501, -0.027132, 0.008112, 0.000000, 1, -0.014603, 0.006132, 0.900000,2, 0.002861, 0.003108, 1.598248,3, 0.009945, 0.001617, 1.855846,4, 0.030490, 0.005115, 2.383966,5, 0.033998, 0.005142, 2.514138,6, 0.039069, 0.004459, 2.639597,
0, -0.013593, 0.005358, -0.019938, -0.004677, 0.000000, 1, -0.030502, -0.003003, 0.900000,2, -0.036733, -0.002826, 1.598248,3, -0.036737, -0.007266, 1.855846,4, 0.000023, -0.006492, 2.383966,5, 0.017185, -0.008330, 2.514138,6, 0.035421, -0.000538, 2.639597,
0, -0.021582, -0.005112, -0.001987, 0.010005, 0.000000, 1, -0.025868, 0.002820, 0.900000,2, -0.042004, -0.001047, 1.598248,3, -0.046857, -0.002854, 1.855846,4, -0.050594, -0.002429, 2.383966,5, -0.052317, -0.003113, 2.514138,6, -0.054294, -0.003941, 2.639597,
0, -0.000113, 0.005206, -0.015114, -0.011402, 0.000000, 1, -0.015429, -0.012072, 0.900000,2, -0.016861, -0.013055, 1.598248,3, -0.017329, -0.012928, 1.855846,4, -0.012951, -0.008122, 2.383966,5, -0.012471, -0.008130, 2.514138,6, -0.012021, -0.007787, 2.639597,
0, -0.024314, 0.017525, -0.012874, -0.003652, 0.000000, 1, -0.040653, 0.015079, 0.900000,2, -0.057254, 0.028847, 1.598248,3, -0.062636, 0.033193, 1.855846,4, -0.068367, 0.046383, 2.383966,5, -0.070736, 0.048473, 2.514138,6, -0.073005, 0.050339, 2.639597,
0, 0.050304, -0.075054, -0.022181, 0.006918, 0.000000, 1, -0.021391, -0.001096, 0.900000,2, -0.020373, -0.008193, 1.598248,3, -0.020013, -0.010620, 1.855846,4, -0.014397, -0.010592, 2.383966,5, -0.014436, -0.012047, 2.514138,6, -0.014325, -0.013321, 2.639597,
0, 0.003688, 0.007960, -0.013836, -0.009243, 0.000000, 1, -0.009932, -0.002922, 0.900000,2, -0.006779, 0.001927, 1.598248,3, -0.005930, 0.003227, 1.855846,4, 0.000208, 0.010914, 2.383966,5, 0.000478, 0.011604, 2.514138,6, 0.000837, 0.012659, 2.639597,
0, 0.005330, 0.005021, -0.014253, -0.008155, 0.000000, 1, -0.008698, -0.006117, 0.900000,2, -0.008549, -0.004130, 1.598248,3, -0.009655, -0.003316, 1.855846,4, -0.007081, 0.003227, 2.383966,5, -0.007578, 0.003699, 2.514138,6, -0.008231, 0.004231, 2.639597,
0, -0.017887, 0.009438, -0.014622, -0.003798, 0.000000, 1, -0.036968, 0.003340, 0.900000,2, -0.045753, 0.006244, 1.598248,3, -0.048394, 0.006593, 1.855846,4, -0.047713, 0.011553, 2.383966,5, -0.048843, 0.011481, 2.514138,6, -0.050031, 0.011165, 2.639597,
0, -0.002451, -0.008797, -0.020855, -0.004661, 0.000000, 1, -0.040000, -0.000555, 0.900000,2, -0.054687, 0.002556, 1.598248,3, -0.059668, 0.003380, 1.855846,4, -0.065193, 0.010541, 2.383966,5, -0.067366, 0.011684, 2.514138,6, -0.069671, 0.012743, 2.639597,
0, 0.003737, 0.002378, -0.034427, 0.005380, 0.000000, 1, -0.028561, 0.005512, 0.900000,2, -0.023202, 0.006355, 1.598248,3, -0.021331, 0.006797, 1.855846,4, -0.013027, 0.013166, 2.383966,5, -0.012335, 0.012870, 2.514138,6, -0.011717, 0.012713, 2.639597,
0, 0.007120, 0.005946, -0.015083, -0.005259, 0.000000, 1, -0.004443, -0.001782, 0.900000,2, 0.005201, 0.001854, 1.598248,3, 0.007968, 0.003414, 1.855846,4, 0.018054, 0.012028, 2.383966,5, 0.019023, 0.012879, 2.514138,6, 0.019706, 0.014059, 2.639597,
0, 0.002405, 0.003420, -0.013386, -0.014377, 0.000000, 1, -0.000092, -0.015518, 0.900000,2, 0.017054, -0.016442, 1.598248,3, 0.021983, -0.016205, 1.855846,4, 0.036825, -0.010549, 2.383966,5, 0.039076, -0.010493, 2.514138,6, 0.041209, -0.010024, 2.639597,
0, 0.000773, 0.000871, -0.027179, 0.005809, 0.000000, 1, -0.027909, 0.002403, 0.900000,2, -0.029361, -0.002119, 1.598248,3, -0.029821, -0.003267, 1.855846,4, -0.025506, -0.000315, 2.383966,5, -0.025511, -0.000617, 2.514138,6, -0.025633, -0.000718, 2.639597,
0, 0.001299, -0.004155, -0.024977, 0.005897, 0.000000, 1, -0.026014, 0.001339, 0.900000,2, -0.028858, 0.002654, 1.598248,3, -0.030364, 0.003888, 1.855846,4, -0.028923, 0.012085, 2.383966,5, -0.029545, 0.013021, 2.514138,6, -0.030035, 0.014292, 2.639597,
0, -0.011092, 0.004041, -0.021809, -0.007418, 0.000000, 1, -0.032400, -0.007774, 0.900000,2, -0.049759, -0.003116, 1.598248,3, -0.058999, -0.000022, 1.855846,4, -0.074137, 0.010318, 2.383966,5, -0.078892, 0.012090, 2.514138,6, -0.083331, 0.013678, 2.639597,
0, -0.011045, 0.002789, -0.019895, -0.007384, 0.000000, 1, -0.031653, -0.008909, 0.900000,2, -0.039786, -0.013901, 1.598248,3, -0.042724, -0.016107, 1.855846,4, -0.044260, -0.015690, 2.383966,5, -0.046500, -0.016901, 2.514138,6, -0.048205, -0.018239, 2.639597,
0, -0.008716, -0.000376, -0.018124, 0.000340, 0.000000, 1, -0.031042, -0.003992, 0.900000,2, -0.041754, -0.011867, 1.598248,3, -0.045615, -0.016442, 1.855846,4, -0.047674, -0.020344, 2.383966,5, -0.049380, -0.022316, 2.514138,6, -0.051138, -0.024133, 2.639597,
0, -0.013457, 0.050325, -0.029079, -0.020665, 0.000000, 1, -0.041178, -0.007941, 0.900000,2, -0.050181, -0.002142, 1.598248,3, -0.053639, -0.000935, 1.855846,4, -0.056494, 0.004887, 2.383966,5, -0.058629, 0.004838, 2.514138,6, -0.060914, 0.004657, 2.639597,
0, -0.011136, 0.003565, -0.022224, -0.005656, 0.000000, 1, -0.026942, -0.012762, 0.900000,2, -0.022273, -0.022298, 1.598248,3, -0.021304, -0.024020, 1.855846,4, -0.015336, -0.025915, 2.383966,5, -0.015581, -0.028493, 2.514138,6, -0.015892, -0.031187, 2.639597,
0, -0.019597, 0.016202, -0.011331, -0.003610, 0.000000, 1, -0.029980, 0.011019, 0.900000,2, -0.037623, 0.018533, 1.598248,3, -0.040078, 0.020159, 1.855846,4, -0.040276, 0.028057, 2.383966,5, -0.041100, 0.028430, 2.514138,6, -0.042525, 0.028644, 2.639597,
0, -0.015387, 0.013355, -0.030190, -0.012131, 0.000000, 1, -0.045202, -0.003645, 0.900000,2, -0.052121, -0.002873, 1.598248,3, -0.054441, -0.002974, 1.855846,4, -0.054942, 0.000779, 2.383966,5, -0.055928, 0.000606, 2.514138,6, -0.056712, 0.000423, 2.639597,
0, -0.007534, 0.004407, -0.023087, -0.016979, 0.000000, 1, -0.029402, -0.016016, 0.900000,2, -0.030823, -0.013074, 1.598248,3, -0.031279, -0.011722, 1.855846,4, -0.025850, -0.004249, 2.383966,5, -0.025340, -0.003516, 2.514138,6, -0.024553, -0.002741, 2.639597,
0, -0.009459, -0.004606, -0.017991, 0.005800, 0.000000, 1, -0.027388, -0.004523, 0.900000,2, -0.031742, -0.014377, 1.598248,3, -0.033106, -0.017747, 1.855846,4, -0.030534, -0.021113, 2.383966,5, -0.030871, -0.023452, 2.514138,6, -0.031123, -0.025684, 2.639597,
0, -0.011820, 0.009052, -0.027301, -0.015101, 0.000000, 1, -0.042030, -0.006275, 0.900000,2, -0.054307, -0.007806, 1.598248,3, -0.058277, -0.009738, 1.855846,4, -0.062818, -0.009903, 2.383966,5, -0.065277, -0.011820, 2.514138,6, -0.067499, -0.013680, 2.639597,
0, 0.003059, -0.005088, -0.032752, 0.013542, 0.000000, 1, -0.026962, 0.006435, 0.900000,2, -0.019898, 0.005066, 1.598248,3, -0.017771, 0.004929, 1.855846,4, -0.007514, 0.009017, 2.383966,5, -0.005646, 0.008989, 2.514138,6, -0.003700, 0.009022, 2.639597,
0, 0.001890, -0.005433, -0.034962, 0.014111, 0.000000, 1, -0.032911, 0.005766, 0.900000,2, -0.030187, 0.001938, 1.598248,3, -0.029262, 0.000690, 1.855846,4, -0.021704, 0.004697, 2.383966,5, -0.020586, 0.005527, 2.514138,6, -0.019322, 0.007015, 2.639597,
0, -0.016160, 0.013957, -0.025346, -0.007663, 0.000000, 1, -0.043224, 0.005374, 0.900000,2, -0.052403, 0.012711, 1.598248,3, -0.055020, 0.015609, 1.855846,4, -0.055605, 0.026897, 2.383966,5, -0.056592, 0.028806, 2.514138,6, -0.057341, 0.030260, 2.639597,
0, -0.003129, -0.002644, -0.023587, 0.003727, 0.000000, 1, -0.023779, -0.001938, 0.900000,2, -0.019085, -0.003722, 1.598248,3, -0.016803, -0.004030, 1.855846,4, -0.007225, -0.001115, 2.383966,5, -0.005975, -0.002111, 2.514138,6, -0.004481, -0.002741, 2.639597,
0, 0.005406, 0.005265, -0.022595, -0.001701, 0.000000, 1, -0.016320, -0.003808, 0.900000,2, -0.010135, -0.008304, 1.598248,3, -0.008694, -0.009611, 1.855846,4, -0.001270, -0.007676, 2.383966,5, -0.000787, -0.008329, 2.514138,6, -0.000007, -0.008536, 2.639597,
0, -0.012624, -0.009146, -0.011635, 0.007848, 0.000000, 1, -0.025052, -0.006092, 0.900000,2, -0.030329, -0.012593, 1.598248,3, -0.032273, -0.014373, 1.855846,4, -0.032670, -0.012497, 2.383966,5, -0.033982, -0.012970, 2.514138,6, -0.035125, -0.013568, 2.639597,
0, 0.002488, 0.005072, -0.015769, -0.010593, 0.000000, 1, -0.013187, -0.009713, 0.900000,2, -0.010517, -0.010853, 1.598248,3, -0.008684, -0.012199, 1.855846,4, 0.000171, -0.009688, 2.383966,5, 0.001188, -0.010417, 2.514138,6, 0.002106, -0.011141, 2.639597,
0, -0.011081, 0.007830, -0.026105, -0.012009, 0.000000, 1, -0.038498, -0.007377, 0.900000,2, -0.046886, -0.003204, 1.598248,3, -0.049570, -0.002282, 1.855846,4, -0.049692, 0.004567, 2.383966,5, -0.050689, 0.005496, 2.514138,6, -0.051729, 0.006388, 2.639597,
0, 0.001347, 0.008399, -0.013827, -0.014194, 0.000000, 1, -0.014832, -0.014310, 0.900000,2, -0.014939, -0.017147, 1.598248,3, -0.015242, -0.017734, 1.855846,4, -0.011678, -0.015526, 2.383966,5, -0.011920, -0.016135, 2.514138,6, -0.011888, -0.016915, 2.639597,
0, -0.005692, -0.009739, -0.043766, 0.010455, 0.000000, 1, -0.049261, -0.003212, 0.900000,2, -0.055304, -0.010611, 1.598248,3, -0.057771, -0.013006, 1.855846,4, -0.057470, -0.013410, 2.383966,5, -0.058511, -0.014582, 2.514138,6, -0.059822, -0.015931, 2.639597,
0, 0.004533, 0.007505, -0.011857, -0.011650, 0.000000, 1, -0.004127, -0.008431, 0.900000,2, 0.004273, -0.005875, 1.598248,3, 0.006473, -0.005462, 1.855846,4, 0.015191, -0.000912, 2.383966,5, 0.016326, -0.001314, 2.514138,6, 0.017730, -0.001356, 2.639597,
0, 0.006971, 0.002476, -0.025493, 0.007393, 0.000000, 1, -0.016080, 0.006064, 0.900000,2, -0.007649, 0.004641, 1.598248,3, -0.005076, 0.003688, 1.855846,4, 0.005057, 0.007083, 2.383966,5, 0.006592, 0.006805, 2.514138,6, 0.008064, 0.006423, 2.639597,
0, 0.003588, 0.004477, -0.017838, -0.004996, 0.000000, 1, -0.011005, -0.004298, 0.900000,2, -0.004822, -0.003722, 1.598248,3, -0.003470, -0.003094, 1.855846,4, 0.004052, 0.003848, 2.383966,5, 0.004828, 0.004320, 2.514138,6, 0.005795, 0.005293, 2.639597,
0, 0.008778, 0.011456, -0.010197, -0.006788, 0.000000, 1, 0.001707, 0.003380, 0.900000,2, 0.011144, 0.009613, 1.598248,3, 0.013683, 0.011024, 1.855846,4, 0.023240, 0.018866, 2.383966,5, 0.024522, 0.019522, 2.514138,6, 0.025701, 0.020459, 2.639597,
0, -0.016341, 0.014980, -0.028659, -0.010874, 0.000000, 1, -0.045998, 0.000283, 0.900000,2, -0.057067, 0.009678, 1.598248,3, -0.060604, 0.012285, 1.855846,4, -0.063345, 0.022814, 2.383966,5, -0.065172, 0.024484, 2.514138,6, -0.067054, 0.026367, 2.639597,
0, -0.022799, 0.018605, -0.039876, -0.006592, 0.000000, 1, -0.065088, 0.010191, 0.900000,2, -0.080916, 0.021315, 1.598248,3, -0.086209, 0.024406, 1.855846,4, -0.092573, 0.035810, 2.383966,5, -0.095172, 0.037284, 2.514138,6, -0.098027, 0.039209, 2.639597,
0, -0.017108, 0.002522, -0.004749, 0.003276, 0.000000, 1, -0.022161, 0.003836, 0.900000,2, -0.028874, 0.002044, 1.598248,3, -0.030892, 0.001444, 1.855846,4, -0.029839, 0.005266, 2.383966,5, -0.030679, 0.005030, 2.514138,6, -0.031346, 0.005227, 2.639597,
0, -0.004395, -0.003063, -0.022282, 0.003429, 0.000000, 1, -0.027598, -0.002423, 0.900000,2, -0.029803, -0.005149, 1.598248,3, -0.030017, -0.006366, 1.855846,4, -0.025626, -0.003555, 2.383966,5, -0.026015, -0.003885, 2.514138,6, -0.026385, -0.003941, 2.639597,
0, -0.021493, 0.015843, -0.014665, -0.002841, 0.000000, 1, -0.039215, 0.011989, 0.900000,2, -0.055908, 0.023983, 1.598248,3, -0.061028, 0.027789, 1.855846,4, -0.066979, 0.039948, 2.383966,5, -0.069378, 0.041656, 2.514138,6, -0.071494, 0.043259, 2.639597,
0, -0.006436, 0.001204, -0.024644, -0.004368, 0.000000, 1, -0.030372, -0.003599, 0.900000,2, -0.037706, -0.000888, 1.598248,3, -0.041269, 0.000190, 1.855846,4, -0.043872, 0.007385, 2.383966,5, -0.046142, 0.007990, 2.514138,6, -0.048500, 0.008459, 2.639597,
0, 0.004882, 0.009984, -0.029555, -0.010667, 0.000000, 1, -0.023199, -0.001759, 0.900000,2, -0.017062, -0.000044, 1.598248,3, -0.015152, 0.000252, 1.855846,4, -0.007398, 0.005585, 2.383966,5, -0.007227, 0.005440, 2.514138,6, -0.006901, 0.005072, 2.639597,
0, -0.036453, 0.003633, -0.005977, -0.002776, 0.000000, 1, -0.020884, -0.003738, 0.900000,2, -0.014180, -0.004335, 1.598248,3, -0.011518, -0.005326, 1.855846,4, -0.000995, -0.003115, 2.383966,5, 0.000494, -0.004059, 2.514138,6, 0.002406, -0.004830, 2.639597,
0, 0.002728, 0.000571, -0.020919, -0.003824, 0.000000, 1, -0.017530, -0.004066, 0.900000,2, -0.009301, -0.004415, 1.598248,3, -0.006669, -0.004452, 1.855846,4, 0.003077, 0.001307, 2.383966,5, 0.004077, 0.001513, 2.514138,6, 0.005461, 0.002287, 2.639597,
0, -0.013614, -0.011333, -0.018723, 0.004933, 0.000000, 1, -0.033503, -0.009048, 0.900000,2, -0.045374, -0.015893, 1.598248,3, -0.048881, -0.017834, 1.855846,4, -0.049576, -0.016193, 2.383966,5, -0.050346, -0.016911, 2.514138,6, -0.051044, -0.017804, 2.639597,
0, -0.015562, 0.017389, -0.027165, -0.011178, 0.000000, 1, -0.045606, 0.006115, 0.900000,2, -0.057349, 0.019520, 1.598248,3, -0.061197, 0.023569, 1.855846,4, -0.064941, 0.036885, 2.383966,5, -0.066805, 0.039541, 2.514138,6, -0.068516, 0.042648, 2.639597,
0, 0.004234, -0.001504, -0.034282, 0.012664, 0.000000, 1, -0.027572, 0.007926, 0.900000,2, -0.019326, 0.008870, 1.598248,3, -0.016198, 0.009444, 1.855846,4, -0.004195, 0.015246, 2.383966,5, -0.002224, 0.015513, 2.514138,6, -0.000040, 0.015790, 2.639597,
0, -0.004844, 0.013591, -0.069955, -0.007377, 0.000000, 1, -0.076172, 0.003613, 0.900000,2, -0.080089, 0.010155, 1.598248,3, -0.081910, 0.011909, 1.855846,4, -0.079930, 0.019818, 2.383966,5, -0.079996, 0.020699, 2.514138,6, -0.080116, 0.021483, 2.639597,
0, -0.008454, -0.007588, -0.031518, 0.011329, 0.000000, 1, -0.038871, -0.001902, 0.900000,2, -0.041922, -0.015057, 1.598248,3, -0.043286, -0.020410, 1.855846,4, -0.041176, -0.026315, 2.383966,5, -0.041599, -0.029078, 2.514138,6, -0.042336, -0.031837, 2.639597,
0, -0.022499, 0.020752, -0.015075, -0.003646, 0.000000, 1, -0.037443, 0.014415, 0.900000,2, -0.046316, 0.028012, 1.598248,3, -0.048764, 0.032482, 1.855846,4, -0.049127, 0.046480, 2.383966,5, -0.050309, 0.048729, 2.514138,6, -0.051494, 0.051455, 2.639597,
0, -0.005295, 0.005935, -0.052716, -0.010390, 0.000000, 1, -0.058368, -0.010036, 0.900000,2, -0.060903, -0.007430, 1.598248,3, -0.061892, -0.006305, 1.855846,4, -0.060986, -0.000562, 2.383966,5, -0.062026, -0.000178, 2.514138,6, -0.063318, 0.000035, 2.639597,
0, 0.007429, 0.005533, -0.023181, 0.004096, 0.000000, 1, -0.015148, 0.006691, 0.900000,2, -0.008506, 0.009656, 1.598248,3, -0.005397, 0.011370, 1.855846,4, 0.005830, 0.018725, 2.383966,5, 0.007579, 0.019300, 2.514138,6, 0.009478, 0.020288, 2.639597,
0, -0.001782, -0.007450, -0.034965, 0.011623, 0.000000, 1, -0.034053, -0.000392, 0.900000,2, -0.031508, -0.005140, 1.598248,3, -0.030843, -0.005863, 1.855846,4, -0.025545, -0.002130, 2.383966,5, -0.025850, -0.002208, 2.514138,6, -0.025840, -0.002226, 2.639597,
0, 0.006713, 0.004194, -0.027333, 0.004940, 0.000000, 1, -0.021762, 0.007853, 0.900000,2, -0.020338, 0.013372, 1.598248,3, -0.020618, 0.015103, 1.855846,4, -0.019068, 0.023478, 2.383966,5, -0.019972, 0.024484, 2.514138,6, -0.021043, 0.025463, 2.639597,
0, -0.015276, 0.006415, -0.027484, -0.007695, 0.000000, 1, -0.041005, -0.001352, 0.900000,2, -0.049243, 0.006546, 1.598248,3, -0.052080, 0.008768, 1.855846,4, -0.053587, 0.018344, 2.383966,5, -0.055557, 0.019284, 2.514138,6, -0.057367, 0.020168, 2.639597,
0, -0.021468, 0.015612, -0.018865, -0.004386, 0.000000, 1, -0.044595, 0.007055, 0.900000,2, -0.061351, 0.015181, 1.598248,3, -0.066790, 0.017693, 1.855846,4, -0.072646, 0.026800, 2.383966,5, -0.074948, 0.027946, 2.514138,6, -0.077087, 0.029311, 2.639597,
0, -0.009843, 0.004073, -0.025336, -0.015877, 0.000000, 1, -0.034396, -0.015279, 0.900000,2, -0.041650, -0.012625, 1.598248,3, -0.044638, -0.011111, 1.855846,4, -0.046743, -0.003300, 2.383966,5, -0.048687, -0.002488, 2.514138,6, -0.050475, -0.001541, 2.639597,
0, 0.003117, 0.006162, -0.009849, -0.016130, 0.000000, 1, -0.006827, -0.011356, 0.900000,2, -0.003723, -0.007138, 1.598248,3, -0.003128, -0.006013, 1.855846,4, 0.002851, 0.001188, 2.383966,5, 0.003022, 0.001582, 2.514138,6, 0.003706, 0.001910, 2.639597,
0, -0.011519, -0.001728, -0.015238, -0.003763, 0.000000, 1, -0.030759, 0.000669, 0.900000,2, -0.035489, 0.004229, 1.598248,3, -0.036817, 0.005267, 1.855846,4, -0.033113, 0.013858, 2.383966,5, -0.032620, 0.015041, 2.514138,6, -0.032414, 0.016448, 2.639597,
0, 0.002916, 0.010383, -0.028369, 0.004409, 0.000000, 1, -0.022635, 0.005862, 0.900000,2, -0.022726, 0.004384, 1.598248,3, -0.023940, 0.003909, 1.855846,4, -0.020597, 0.007830, 2.383966,5, -0.020067, 0.007798, 2.514138,6, -0.019568, 0.008294, 2.639597,
0, -0.001473, -0.003835, -0.029915, 0.008071, 0.000000, 1, -0.029705, -0.000856, 0.900000,2, -0.027864, -0.005348, 1.598248,3, -0.027230, -0.006254, 1.855846,4, -0.021548, -0.003146, 2.383966,5, -0.021540, -0.003516, 2.514138,6, -0.021620, -0.004229, 2.639597,
0, 0.004190, 0.001204, -0.022840, 0.003551, 0.000000, 1, -0.015186, 0.000087, 0.900000,2, -0.009151, -0.001564, 1.598248,3, -0.007609, -0.001920, 1.855846,4, -0.002535, 0.003703, 2.383966,5, -0.002592, 0.003630, 2.514138,6, -0.002668, 0.003148, 2.639597,
0, -0.000240, 0.003057, -0.028631, -0.004554, 0.000000, 1, -0.029092, -0.003442, 0.900000,2, -0.027891, -0.001954, 1.598248,3, -0.027590, -0.001137, 1.855846,4, -0.021976, 0.005114, 2.383966,5, -0.022145, 0.005510, 2.514138,6, -0.022119, 0.005680, 2.639597,
0, 0.003643, 0.005309, -0.053347, 0.004288, 0.000000, 1, -0.047576, 0.002023, 0.900000,2, -0.045243, -0.004099, 1.598248,3, -0.045435, -0.006495, 1.855846,4, -0.041489, -0.006315, 2.383966,5, -0.041379, -0.007338, 2.514138,6, -0.041315, -0.008360, 2.639597,
0, -0.017831, 0.014703, -0.029490, -0.012015, 0.000000, 1, -0.048773, -0.001429, 0.900000,2, -0.060498, 0.006482, 1.598248,3, -0.063965, 0.009035, 1.855846,4, -0.065389, 0.019043, 2.383966,5, -0.066772, 0.020279, 2.514138,6, -0.068116, 0.021507, 2.639597,
0, 0.003578, -0.005813, -0.034187, 0.012213, 0.000000, 1, -0.031997, 0.005725, 0.900000,2, -0.032558, 0.002949, 1.598248,3, -0.032680, 0.001698, 1.855846,4, -0.030172, 0.003123, 2.383966,5, -0.031323, 0.002573, 2.514138,6, -0.032853, 0.001917, 2.639597,
0, -0.007238, -0.001483, -0.009573, -0.012033, 0.000000, 1, -0.009980, -0.015054, 0.900000,2, -0.004426, -0.014810, 1.598248,3, -0.002908, -0.014726, 1.855846,4, 0.004824, -0.010315, 2.383966,5, 0.005628, -0.010716, 2.514138,6, 0.005934, -0.010124, 2.639597,
0, 0.004318, 0.005631, -0.011517, -0.013948, 0.000000, 1, -0.004388, -0.010792, 0.900000,2, -0.000341, -0.005525, 1.598248,3, -0.000190, -0.003431, 1.855846,4, 0.005785, 0.004688, 2.383966,5, 0.006091, 0.005706, 2.514138,6, 0.006865, 0.007025, 2.639597,
0, -0.019554, 0.020335, -0.017457, -0.005042, 0.000000, 1, -0.039957, 0.010880, 0.900000,2, -0.054512, 0.021370, 1.598248,3, -0.058930, 0.024446, 1.855846,4, -0.064028, 0.035123, 2.383966,5, -0.066593, 0.036639, 2.514138,6, -0.069287, 0.037872, 2.639597,
0, -0.002740, -0.009768, -0.031177, 0.013749, 0.000000, 1, -0.032608, -0.001115, 0.900000,2, -0.037179, -0.012632, 1.598248,3, -0.039231, -0.016378, 1.855846,4, -0.037856, -0.018798, 2.383966,5, -0.038951, -0.020475, 2.514138,6, -0.040129, -0.022029, 2.639597,
0, -0.029416, 0.003839, -0.015018, 0.001475, 0.000000, 1, -0.039769, 0.011182, 0.900000,2, -0.056183, 0.022661, 1.598248,3, -0.062142, 0.026106, 1.855846,4, -0.069378, 0.038256, 2.383966,5, -0.072306, 0.040805, 2.514138,6, -0.075261, 0.043550, 2.639597,
0, 0.005370, 0.002400, -0.029868, 0.006506, 0.000000, 1, -0.024730, 0.002087, 0.900000,2, -0.030312, -0.001687, 1.598248,3, -0.033130, -0.002838, 1.855846,4, -0.034355, -0.000315, 2.383966,5, -0.035666, -0.000763, 2.514138,6, -0.037089, -0.001541, 2.639597,
0, -0.001212, -0.013319, -0.021625, 0.010867, 0.000000, 1, -0.022400, -0.004956, 0.900000,2, -0.026843, -0.008733, 1.598248,3, -0.027853, -0.009624, 1.855846,4, -0.024064, -0.005355, 2.383966,5, -0.024205, -0.004952, 2.514138,6, -0.024335, -0.004538, 2.639597,
0, 0.007630, 0.001163, -0.033110, 0.010420, 0.000000, 1, -0.020265, 0.006556, 0.900000,2, -0.012165, 0.001275, 1.598248,3, -0.009725, -0.000553, 1.855846,4, -0.000115, 0.001670, 2.383966,5, 0.001074, 0.001054, 2.514138,6, 0.002485, 0.000624, 2.639597,
0, -0.003069, 0.002502, -0.019920, -0.009100, 0.000000, 1, -0.026205, -0.012960, 0.900000,2, -0.034569, -0.017818, 1.598248,3, -0.037461, -0.019439, 1.855846,4, -0.040223, -0.016883, 2.383966,5, -0.042933, -0.017320, 2.514138,6, -0.045533, -0.017649, 2.639597,
0, -0.003379, -0.000598, -0.022957, 0.001220, 0.000000, 1, -0.024006, -0.003716, 0.900000,2, -0.026597, -0.001300, 1.598248,3, -0.027288, 0.000423, 1.855846,4, -0.023976, 0.009285, 2.383966,5, -0.023802, 0.009925, 2.514138,6, -0.024012, 0.011135, 2.639597,
0, -0.003388, -0.008596, -0.025716, 0.011922, 0.000000, 1, -0.025701, 0.000733, 0.900000,2, -0.025982, -0.007236, 1.598248,3, -0.026847, -0.009754, 1.855846,4, -0.022963, -0.009515, 2.383966,5, -0.023018, -0.010510, 2.514138,6, -0.017723, -0.008501, 2.639597,
